12
0.0000 109.4695 103.8419 122.1497 132.8323 78.0713 96.8858 111.8304 126.2379 69.0671 132.4870 121.4080
109.4695 0.0000 58.6773 95.6469 104.8634 72.9123 82.5478 103.6530 54.8021 150.2401 155.4890 171.0741
103.8419 58.6773 0.0000 95.6180 61.1954 137.0712 68.7765 128.6210 132.2516 93.4875 60.6164 124.9026
122.1497 95.6469 95.6180 0.0000 96.0650 146.4279 83.1213 87.1821 93.5391 116.0186 92.4324 84.4156
132.8323 104.8634 61.1954 96.0650 0.0000 65.3039 81.1268 72.4681 102.9714 84.0370 67.4891 136.3677
78.0713 72.9123 137.0712 146.4279 65.3039 0.0000 83.0776 113.8904 83.7255 86.7048 83.2333 103.0206
96.8858 82.5478 68.7765 83.1213 81.1268 83.0776 0.0000 136.4474 157.4996 99.8099 106.0920 150.7792
111.8304 103.6530 128.6210 87.1821 72.4681 113.8904 136.4474 0.0000 111.5600 70.9096 157.0411 111.7128
126.2379 54.8021 132.2516 93.5391 102.9714 83.7255 157.4996 111.5600 0.0000 173.0747 82.8403 115.8552
69.0671 150.2401 93.4875 116.0186 84.0370 86.7048 99.8099 70.9096 173.0747 0.0000 112.1619 115.8035
132.4870 155.4890 60.6164 92.4324 67.4891 83.2333 106.0920 157.0411 82.8403 112.1619 0.0000 148.6761
121.4080 171.0741 124.9026 84.4156 136.3677 103.0206 150.7792 111.7128 115.8552 115.8035 148.6761 0.0000
