16
0.0000 73.9262 56.1685 141.1630 153.9855 8.2809 139.4773 65.2087 108.6122 104.8476 131.6616 96.0150 156.9395 114.0590 105.3767 121.2813
73.9262 0.0000 123.1078 162.0774 93.4624 89.6947 68.0109 100.8555 117.6925 74.9126 148.1711 134.7472 118.2526 62.1366 108.9612 99.2230
56.1685 123.1078 0.0000 76.4430 126.1299 101.6305 81.6566 125.5755 105.0547 148.5135 144.4054 134.2169 94.3413 147.7932 100.0324 74.9324
141.1630 162.0774 76.4430 0.0000 53.7412 70.4198 118.7582 120.0114 117.8494 93.5794 43.4953 102.9048 135.7635 75.2594 55.3437 109.4591
153.9855 93.4624 126.1299 53.7412 0.0000 62.5363 124.2881 37.3467 129.8346 77.7140 65.5077 33.8829 50.5792 56.5092 108.2237 80.8318
8.2809 89.6947 101.6305 70.4198 62.5363 0.0000 90.2213 151.7523 112.8891 129.5262 70.2785 61.9798 152.0888 123.9270 87.9148 84.1883
139.4773 68.0109 81.6566 118.7582 124.2881 90.2213 0.0000 136.1173 84.2963 101.9406 96.0901 81.5378 150.8765 94.0510 106.5349 98.2983
65.2087 100.8555 125.5755 120.0114 37.3467 151.7523 136.1173 0.0000 142.9669 64.9868 66.0146 129.6909 93.8306 114.7060 113.6914 73.1424
108.6122 117.6925 105.0547 117.8494 129.8346 112.8891 84.2963 142.9669 0.0000 136.2346 94.6875 66.7428 124.1205 103.0777 104.1011 70.4811
104.8476 74.9126 148.5135 93.5794 77.7140 129.5262 101.9406 64.9868 136.2346 0.0000 158.2911 93.4677 52.6055 149.9968 78.9306 133.6971
131.6616 148.1711 144.4054 43.4953 65.5077 70.2785 96.0901 66.0146 94.6875 158.2911 0.0000 74.5853 110.2253 89.8360 128.1683 76.5437
96.0150 134.7472 134.2169 102.9048 33.8829 61.9798 81.5378 129.6909 66.7428 93.4677 74.5853 0.0000 123.8890 94.4297 130.8164 37.8964
156.9395 118.2526 94.3413 135.7635 50.5792 152.0888 150.8765 93.8306 124.1205 52.6055 110.2253 123.8890 0.0000 38.1226 70.8381 93.9200
114.0590 62.1366 147.7932 75.2594 56.5092 123.9270 94.0510 114.7060 103.0777 149.9968 89.8360 94.4297 38.1226 0.0000 101.3439 67.7999
105.3767 108.9612 100.0324 55.3437 108.2237 87.9148 106.5349 113.6914 104.1011 78.9306 128.1683 130.8164 70.8381 101.3439 0.0000 121.3509
121.2813 99.2230 74.9324 109.4591 80.8318 84.1883 98.2983 73.1424 70.4811 133.6971 76.5437 37.8964 93.9200 67.7999 121.3509 0.0000
