6
0.0000 150.7012 97.3713 91.1527 105.3174 91.8859
150.7012 0.0000 108.0829 51.7800 112.9197 47.9577
97.3713 108.0829 0.0000 137.9059 107.4471 64.5163
91.1527 51.7800 137.9059 0.0000 105.2370 120.1504
105.3174 112.9197 107.4471 105.2370 0.0000 95.5507
91.8859 47.9577 64.5163 120.1504 95.5507 0.0000
