15
0.0000 67.1578 117.4497 67.6906 126.5199 102.3966 122.7389 127.9647 115.2298 111.9443 75.0752 115.6346 125.0149 149.5870 114.1078
67.1578 0.0000 67.9682 90.6891 113.7511 79.4697 74.0702 91.4458 118.7536 80.7981 53.3702 141.6485 84.6238 107.0022 88.7680
117.4497 67.9682 0.0000 63.4865 134.2161 99.8388 81.1178 76.8380 114.2696 113.5369 124.7914 123.1356 55.5387 132.9524 84.0086
67.6906 90.6891 63.4865 0.0000 132.2044 97.3754 99.7043 139.8309 71.0013 102.2029 120.9382 145.9300 105.1620 105.4160 79.6727
126.5199 113.7511 134.2161 132.2044 0.0000 114.1335 90.2019 88.5405 132.1410 55.3610 57.2913 70.6146 97.0624 110.5248 173.4943
102.3966 79.4697 99.8388 97.3754 114.1335 0.0000 45.7435 80.2513 47.6127 95.4062 146.7705 121.4381 198.3906 84.1442 55.9669
122.7389 74.0702 81.1178 99.7043 90.2019 45.7435 0.0000 116.8826 119.3484 95.7307 88.0284 42.3270 111.9137 81.4400 52.2273
127.9647 91.4458 76.8380 139.8309 88.5405 80.2513 116.8826 0.0000 87.2395 99.2095 125.0018 118.6087 150.6546 143.1907 49.1745
115.2298 118.7536 114.2696 71.0013 132.1410 47.6127 119.3484 87.2395 0.0000 55.0644 155.7575 126.2738 137.1126 66.7897 83.8806
111.9443 80.7981 113.5369 102.2029 55.3610 95.4062 95.7307 99.2095 55.0644 0.0000 109.7926 119.0029 76.9453 110.1606 74.2370
75.0752 53.3702 124.7914 120.9382 57.2913 146.7705 88.0284 125.0018 155.7575 109.7926 0.0000 78.1480 88.5547 60.9112 42.4473
115.6346 141.6485 123.1356 145.9300 70.6146 121.4381 42.3270 118.6087 126.2738 119.0029 78.1480 0.0000 75.8495 91.6110 131.8206
125.0149 84.6238 55.5387 105.1620 97.0624 198.3906 111.9137 150.6546 137.1126 76.9453 88.5547 75.8495 0.0000 121.0805 123.6586
149.5870 107.0022 132.9524 105.4160 110.5248 84.1442 81.4400 143.1907 66.7897 110.1606 60.9112 91.6110 121.0805 0.0000 68.9859
114.1078 88.7680 84.0086 79.6727 173.4943 55.9669 52.2273 49.1745 83.8806 74.2370 42.4473 131.8206 123.6586 68.9859 0.0000
