18
0.0000 121.4834 111.8461 134.3075 119.7302 137.9363 128.5781 136.9817 129.9252 112.3916 178.1753 109.1729 101.3067 141.9760 117.8916 135.2349 50.6221 68.1385
121.4834 0.0000 110.0549 64.5632 80.9053 58.6129 128.3433 85.7720 96.7068 107.8785 88.3113 144.3443 131.8002 128.8231 84.2684 54.4957 169.9219 70.5992
111.8461 110.0549 0.0000 39.2438 96.4690 88.9793 118.2378 153.8616 98.6468 77.1806 47.7313 85.3744 156.0343 63.6052 53.7482 104.4354 88.3018 109.5193
134.3075 64.5632 39.2438 0.0000 133.9553 102.6538 59.6329 115.7749 80.0306 108.9121 130.6915 88.7989 121.4147 106.3186 69.1202 132.4051 130.3554 48.3206
119.7302 80.9053 96.4690 133.9553 0.0000 84.1959 56.5911 46.2713 113.3927 127.9485 120.9989 116.2026 107.0708 66.1088 88.7315 119.3474 42.3268 81.6190
137.9363 58.6129 88.9793 102.6538 84.1959 0.0000 109.8442 115.6823 74.6360 48.5245 137.6416 80.2726 77.9411 127.5859 126.9158 106.9494 112.8192 124.7251
128.5781 128.3433 118.2378 59.6329 56.5911 109.8442 0.0000 118.3627 145.5195 94.4293 76.7989 106.0117 108.9924 110.1778 145.3102 76.2175 133.2267 98.9884
136.9817 85.7720 153.8616 115.7749 46.2713 115.6823 118.3627 0.0000 91.2107 70.2755 72.6703 34.2740 66.4838 97.7622 61.4259 92.8788 124.2497 116.4718
129.9252 96.7068 98.6468 80.0306 113.3927 74.6360 145.5195 91.2107 0.0000 103.8659 99.1539 114.5784 131.4130 108.5442 49.4826 71.1691 99.7728 145.0598
112.3916 107.8785 77.1806 108.9121 127.9485 48.5245 94.4293 70.2755 103.8659 0.0000 71.0353 134.7525 88.4198 81.5364 160.0747 154.6153 106.8918 104.4796
178.1753 88.3113 47.7313 130.6915 120.9989 137.6416 76.7989 72.6703 99.1539 71.0353 0.0000 95.4496 79.2272 58.1330 92.0169 111.1228 76.6814 119.3457
109.1729 144.3443 85.3744 88.7989 116.2026 80.2726 106.0117 34.2740 114.5784 134.7525 95.4496 0.0000 56.4626 109.4464 177.8517 80.0874 133.5662 146.9165
101.3067 131.8002 156.0343 121.4147 107.0708 77.9411 108.9924 66.4838 131.4130 88.4198 79.2272 56.4626 0.0000 92.5027 80.8792 143.8080 97.0495 86.1154
141.9760 128.8231 63.6052 106.3186 66.1088 127.5859 110.1778 97.7622 108.5442 81.5364 58.1330 109.4464 92.5027 0.0000 122.7271 121.5396 41.5638 36.0426
117.8916 84.2684 53.7482 69.1202 88.7315 126.9158 145.3102 61.4259 49.4826 160.0747 92.0169 177.8517 80.8792 122.7271 0.0000 88.9850 76.6106 129.9800
135.2349 54.4957 104.4354 132.4051 119.3474 106.9494 76.2175 92.8788 71.1691 154.6153 111.1228 80.0874 143.8080 121.5396 88.9850 0.0000 138.2186 134.6476
50.6221 169.9219 88.3018 130.3554 42.3268 112.8192 133.2267 124.2497 99.7728 106.8918 76.6814 133.5662 97.0495 41.5638 76.6106 138.2186 0.0000 121.0433
68.1385 70.5992 109.5193 48.3206 81.6190 124.7251 98.9884 116.4718 145.0598 104.4796 119.3457 146.9165 86.1154 36.0426 129.9800 134.6476 121.0433 0.0000
