8
0.0000 53.7973 76.1372 142.8901 112.6040 78.4968 97.1917 97.9319
53.7973 0.0000 147.3805 126.6958 136.3102 79.8783 150.5002 148.4094
76.1372 147.3805 0.0000 14.2025 45.4006 104.8831 76.8842 119.6300
142.8901 126.6958 14.2025 0.0000 105.9943 106.0672 99.5101 134.4175
112.6040 136.3102 45.4006 105.9943 0.0000 121.5888 43.8614 104.3307
78.4968 79.8783 104.8831 106.0672 121.5888 0.0000 37.7214 94.5651
97.1917 150.5002 76.8842 99.5101 43.8614 37.7214 0.0000 75.9367
97.9319 148.4094 119.6300 134.4175 104.3307 94.5651 75.9367 0.0000
