19
0.0000 93.9176 74.6359 22.7482 125.2396 85.1636 72.5278 150.6361 103.4244 84.7619 96.0002 111.9915 135.0994 72.1815 4.8475 96.5065 142.3631 111.9252 100.9139
93.9176 0.0000 127.5143 74.1364 90.0213 99.6560 132.9108 67.2491 52.4502 85.2847 70.5807 88.9428 104.0727 91.5242 116.3231 146.5418 86.4236 112.5153 74.2680
74.6359 127.5143 0.0000 75.2345 113.9800 84.4090 83.1734 64.8735 92.5599 103.1595 147.6621 3.3112 81.1341 106.7506 16.9458 76.3989 146.6934 80.2286 92.6135
22.7482 74.1364 75.2345 0.0000 141.9853 143.1171 105.4219 82.1057 80.2349 118.9898 64.0743 59.4760 99.0567 47.2816 145.3955 65.1270 142.1753 119.7058 121.5694
125.2396 90.0213 113.9800 141.9853 0.0000 57.2574 108.3919 72.8193 46.9813 87.1816 65.9855 75.9539 105.1742 128.4381 121.2572 105.1048 106.2769 132.7350 135.9649
85.1636 99.6560 84.4090 143.1171 57.2574 0.0000 100.1540 148.5694 139.9307 166.1922 52.4497 101.4748 132.3401 71.0023 135.7703 71.5585 105.5751 114.3190 132.5450
72.5278 132.9108 83.1734 105.4219 108.3919 100.1540 0.0000 107.9099 68.8762 49.3195 99.5314 91.9408 100.7599 124.9808 112.0295 73.0457 147.6336 64.4685 85.9582
150.6361 67.2491 64.8735 82.1057 72.8193 148.5694 107.9099 0.0000 49.9967 99.9342 126.6011 98.6816 107.3971 121.4785 121.9106 127.7209 124.2551 83.2459 97.9213
103.4244 52.4502 92.5599 80.2349 46.9813 139.9307 68.8762 49.9967 0.0000 108.9395 106.4338 139.1359 68.1375 52.0516 119.6348 102.9093 90.2580 114.2390 82.5933
84.7619 85.2847 103.1595 118.9898 87.1816 166.1922 49.3195 99.9342 108.9395 0.0000 100.1120 68.3879 101.0142 77.7679 70.4505 49.6122 99.9256 127.4823 144.0048
96.0002 70.5807 147.6621 64.0743 65.9855 52.4497 99.5314 126.6011 106.4338 100.1120 0.0000 83.6412 77.9271 108.4642 88.1801 60.8467 125.2113 156.3297 112.4556
111.9915 88.9428 3.3112 59.4760 75.9539 101.4748 91.9408 98.6816 139.1359 68.3879 83.6412 0.0000 113.2173 111.1401 67.0911 74.4734 74.7048 110.6738 131.2014
135.0994 104.0727 81.1341 99.0567 105.1742 132.3401 100.7599 107.3971 68.1375 101.0142 77.9271 113.2173 0.0000 82.1896 89.4641 117.9801 67.2863 122.0480 128.9604
72.1815 91.5242 106.7506 47.2816 128.4381 71.0023 124.9808 121.4785 52.0516 77.7679 108.4642 111.1401 82.1896 0.0000 197.8358 86.1017 124.3121 108.9684 114.0324
4.8475 116.3231 16.9458 145.3955 121.2572 135.7703 112.0295 121.9106 119.6348 70.4505 88.1801 67.0911 89.4641 197.8358 0.0000 48.0472 76.6810 113.4455 177.7764
96.5065 146.5418 76.3989 65.1270 105.1048 71.5585 73.0457 127.7209 102.9093 49.6122 60.8467 74.4734 117.9801 86.1017 48.0472 0.0000 84.6497 103.5836 152.2075
142.3631 86.4236 146.6934 142.1753 106.2769 105.5751 147.6336 124.2551 90.2580 99.9256 125.2113 74.7048 67.2863 124.3121 76.6810 84.6497 0.0000 76.6833 109.4761
111.9252 112.5153 80.2286 119.7058 132.7350 114.3190 64.4685 83.2459 114.2390 127.4823 156.3297 110.6738 122.0480 108.9684 113.4455 103.5836 76.6833 0.0000 105.3824
100.9139 74.2680 92.6135 121.5694 135.9649 132.5450 85.9582 97.9213 82.5933 144.0048 112.4556 131.2014 128.9604 114.0324 177.7764 152.2075 109.4761 105.3824 0.0000
