11
0.0000 119.4668 90.0506 89.8833 46.6926 54.1945 80.9909 3.2910 50.0768 141.9104 122.9603
119.4668 0.0000 127.8634 91.2357 147.5399 91.6235 56.4040 114.8663 96.4689 115.3923 105.9744
90.0506 127.8634 0.0000 181.7289 113.2444 146.7910 95.6182 79.6812 76.3299 76.9179 109.7585
89.8833 91.2357 181.7289 0.0000 104.0499 96.1300 130.2665 131.5523 115.0208 83.9967 104.6575
46.6926 147.5399 113.2444 104.0499 0.0000 93.9877 65.1197 125.0290 113.5833 87.2079 108.5850
54.1945 91.6235 146.7910 96.1300 93.9877 0.0000 129.6700 91.7278 90.9237 121.5463 128.0335
80.9909 56.4040 95.6182 130.2665 65.1197 129.6700 0.0000 49.8561 105.5909 78.1977 93.5841
3.2910 114.8663 79.6812 131.5523 125.0290 91.7278 49.8561 0.0000 100.0111 102.9295 96.0482
50.0768 96.4689 76.3299 115.0208 113.5833 90.9237 105.5909 100.0111 0.0000 113.2161 80.7982
141.9104 115.3923 76.9179 83.9967 87.2079 121.5463 78.1977 102.9295 113.2161 0.0000 103.1475
122.9603 105.9744 109.7585 104.6575 108.5850 128.0335 93.5841 96.0482 80.7982 103.1475 0.0000
