13
0.0000 100.6383 111.5337 96.3742 111.2910 109.3679 114.3750 118.5015 71.3617 63.5196 76.7682 81.9795 77.6876
100.6383 0.0000 105.9393 82.2459 93.5973 78.4969 156.5000 153.3068 55.5150 110.9305 104.2044 93.5551 16.7565
111.5337 105.9393 0.0000 152.8455 115.0533 173.6144 54.6389 115.0779 77.6783 102.3476 79.0146 115.3011 71.1796
96.3742 82.2459 152.8455 0.0000 137.0668 123.9830 105.2293 112.0874 83.7995 91.5603 125.2956 127.5848 94.0075
111.2910 93.5973 115.0533 137.0668 0.0000 98.1768 109.3355 139.3119 68.5777 65.3179 144.0601 48.5044 96.0308
109.3679 78.4969 173.6144 123.9830 98.1768 0.0000 113.7435 119.8321 83.3002 118.6714 132.7542 80.5643 57.7579
114.3750 156.5000 54.6389 105.2293 109.3355 113.7435 0.0000 54.5903 75.7698 61.0679 100.9373 130.0247 72.9616
118.5015 153.3068 115.0779 112.0874 139.3119 119.8321 54.5903 0.0000 118.7734 99.3305 167.2399 96.6117 139.7463
71.3617 55.5150 77.6783 83.7995 68.5777 83.3002 75.7698 118.7734 0.0000 96.5026 67.7170 91.1416 128.4928
63.5196 110.9305 102.3476 91.5603 65.3179 118.6714 61.0679 99.3305 96.5026 0.0000 53.0961 67.0362 31.8810
76.7682 104.2044 79.0146 125.2956 144.0601 132.7542 100.9373 167.2399 67.7170 53.0961 0.0000 117.5505 102.5950
81.9795 93.5551 115.3011 127.5848 48.5044 80.5643 130.0247 96.6117 91.1416 67.0362 117.5505 0.0000 96.2372
77.6876 16.7565 71.1796 94.0075 96.0308 57.7579 72.9616 139.7463 128.4928 31.8810 102.5950 96.2372 0.0000
