7
0.0000 103.2577 85.9071 67.8070 108.7746 123.2433 104.8669
103.2577 0.0000 64.9962 162.3757 108.5694 108.9135 163.9981
85.9071 64.9962 0.0000 92.4420 137.0542 70.3797 86.4247
67.8070 162.3757 92.4420 0.0000 115.3884 43.8565 113.4519
108.7746 108.5694 137.0542 115.3884 0.0000 47.8566 114.2117
123.2433 108.9135 70.3797 43.8565 47.8566 0.0000 88.5457
104.8669 163.9981 86.4247 113.4519 114.2117 88.5457 0.0000
