9
0.0000 83.6907 90.7381 102.9076 105.4613 150.8370 121.2493 98.3903 59.4109
83.6907 0.0000 73.3754 171.1962 135.6448 113.0480 97.6843 106.9378 74.8264
90.7381 73.3754 0.0000 117.9191 149.8965 82.0590 99.8338 57.0360 76.6064
102.9076 171.1962 117.9191 0.0000 84.5993 116.5908 90.0692 41.5049 122.2546
105.4613 135.6448 149.8965 84.5993 0.0000 101.6318 103.2395 131.8323 87.6749
150.8370 113.0480 82.0590 116.5908 101.6318 0.0000 33.0043 113.4141 155.7354
121.2493 97.6843 99.8338 90.0692 103.2395 33.0043 0.0000 111.0510 114.8753
98.3903 106.9378 57.0360 41.5049 131.8323 113.4141 111.0510 0.0000 104.5710
59.4109 74.8264 76.6064 122.2546 87.6749 155.7354 114.8753 104.5710 0.0000
