15
0.0000 343.8913 497.9190 470.6384 565.4867 445.4201 369.9903 213.5561 525.2859 451.7007 343.7304 283.3446 235.1437 581.7339 287.8037
343.8913 0.0000 530.4512 324.2189 470.9229 563.3696 533.9104 43.7695 454.6139 433.2217 819.8504 483.9935 797.5523 433.4790 454.7420
497.9190 530.4512 0.0000 280.2992 683.3754 193.6485 293.1137 481.0134 339.0036 510.8593 577.2410 305.2354 524.7259 455.9800 824.2744
470.6384 324.2189 280.2992 0.0000 487.4887 407.8421 752.1521 634.6940 505.5964 402.1724 283.5550 618.7947 505.1658 576.2542 601.4358
565.4867 470.9229 683.3754 487.4887 0.0000 201.8598 515.1072 581.2626 670.7667 602.2008 582.6855 344.7788 488.7321 526.9944 604.4434
445.4201 563.3696 193.6485 407.8421 201.8598 0.0000 517.1918 604.9072 375.7713 805.6594 507.3411 507.0396 629.0838 782.1516 410.6052
369.9903 533.9104 293.1137 752.1521 515.1072 517.1918 0.0000 488.3358 616.9063 573.1660 352.2051 498.0654 491.6349 634.1722 483.5273
213.5561 43.7695 481.0134 634.6940 581.2626 604.9072 488.3358 0.0000 503.7408 632.2702 408.5586 341.7523 339.2900 351.1261 646.2038
525.2859 454.6139 339.0036 505.5964 670.7667 375.7713 616.9063 503.7408 0.0000 581.7362 587.1944 763.0319 564.8516 519.7288 521.0619
451.7007 433.2217 510.8593 402.1724 602.2008 805.6594 573.1660 632.2702 581.7362 0.0000 819.2434 450.2564 456.4796 521.6863 557.3916
343.7304 819.8504 577.2410 283.5550 582.6855 507.3411 352.2051 408.5586 587.1944 819.2434 0.0000 368.6723 501.6300 678.5447 427.8247
283.3446 483.9935 305.2354 618.7947 344.7788 507.0396 498.0654 341.7523 763.0319 450.2564 368.6723 0.0000 629.5586 605.8400 578.2736
235.1437 797.5523 524.7259 505.1658 488.7321 629.0838 491.6349 339.2900 564.8516 456.4796 501.6300 629.5586 0.0000 399.1745 547.8096
581.7339 433.4790 455.9800 576.2542 526.9944 782.1516 634.1722 351.1261 519.7288 521.6863 678.5447 605.8400 399.1745 0.0000 547.8618
287.8037 454.7420 824.2744 601.4358 604.4434 410.6052 483.5273 646.2038 521.0619 557.3916 427.8247 578.2736 547.8096 547.8618 0.0000

Time taken: 125.49815392494202 seconds
Lower bound from Heuristic function: 4256.592618996772
Total number of nodes explored: 56730

Minimum Tour Cost: 4822.638381465182
Path: 0 -> 14 -> 6 -> 10 -> 3 -> 9 -> 11 -> 4 -> 5 -> 2 -> 8 -> 1 -> 7 -> 13 -> 12 -> 0