15
0.0000 64.9751 94.4381 108.9947 75.0598 152.5793 87.2671 86.7290 97.6816 118.2687 83.8882 71.4705 88.6187 68.3377 125.6770
64.9751 0.0000 152.1721 89.2365 114.6237 65.0561 61.7581 98.8686 78.1974 83.8962 93.2124 119.5992 93.9417 90.8418 98.0065
94.4381 152.1721 0.0000 33.6394 86.8383 132.6383 88.4707 87.4959 89.7339 77.3278 121.1582 114.7039 89.9173 71.3098 51.8977
108.9947 89.2365 33.6394 0.0000 84.5887 107.5833 78.6536 112.0753 105.5269 97.8064 72.2790 64.0427 35.9946 86.6461 139.6858
75.0598 114.6237 86.8383 84.5887 0.0000 71.0992 77.8660 108.8135 94.1552 84.8253 95.8859 114.4451 119.8115 132.8569 112.4047
152.5793 65.0561 132.6383 107.5833 71.0992 0.0000 131.3951 74.2560 95.4820 136.7434 75.1219 97.9453 97.3697 103.0219 119.8362
87.2671 61.7581 88.4707 78.6536 77.8660 131.3951 0.0000 101.1761 112.9989 103.5165 53.7454 95.2468 105.0805 98.4189 95.6889
86.7290 98.8686 87.4959 112.0753 108.8135 74.2560 101.1761 0.0000 90.0888 110.6706 107.9380 83.7745 82.0431 128.3239 131.8620
97.6816 78.1974 89.7339 105.5269 94.1552 95.4820 112.9989 90.0888 0.0000 67.8760 67.5938 115.0520 89.8296 108.6691 136.7484
118.2687 83.8962 77.3278 97.8064 84.8253 136.7434 103.5165 110.6706 67.8760 0.0000 79.4585 104.1814 104.3068 90.0933 82.8853
83.8882 93.2124 121.1582 72.2790 95.8859 75.1219 53.7454 107.9380 67.5938 79.4585 0.0000 76.2566 108.3655 85.7365 126.7766
71.4705 119.5992 114.7039 64.0427 114.4451 97.9453 95.2468 83.7745 115.0520 104.1814 76.2566 0.0000 75.0288 131.0363 79.0371
88.6187 93.9417 89.9173 35.9946 119.8115 97.3697 105.0805 82.0431 89.8296 104.3068 108.3655 75.0288 0.0000 96.6587 94.2366
68.3377 90.8418 71.3098 86.6461 132.8569 103.0219 98.4189 128.3239 108.6691 90.0933 85.7365 131.0363 96.6587 0.0000 92.4958
125.6770 98.0065 51.8977 139.6858 112.4047 119.8362 95.6889 131.8620 136.7484 82.8853 126.7766 79.0371 94.2366 92.4958 0.0000

Time taken: 16.116036891937256 seconds
Lower bound from Heuristic function: 910.3894493567495
Total number of nodes explored: 6236

Minimum Tour Cost: 987.2974562899294
Path: 0 -> 13 -> 14 -> 2 -> 3 -> 12 -> 11 -> 7 -> 5 -> 4 -> 9 -> 8 -> 10 -> 6 -> 1 -> 0