20
0.0000 1413.2445 840.4932 1002.0295 1221.7671 858.2886 848.6545 1018.8179 1035.0081 1100.2025 1073.5647 1206.8133 1240.0114 1250.1311 572.3181 766.5514 1261.1617 1367.8900 1375.0519 848.8923
1413.2445 0.0000 981.6269 1413.5922 1432.3796 1182.4810 952.6543 1082.4208 630.1573 1217.7684 1139.4308 1638.6700 1040.0621 926.9652 1608.5415 932.4424 530.9076 880.0988 769.2407 822.5727
840.4932 981.6269 0.0000 1017.2744 1003.2521 682.6617 1053.0533 1322.0359 839.8740 1232.8335 1365.9058 874.6562 722.9269 837.5600 851.9714 1158.2464 890.7509 1081.0291 1542.7017 1074.5897
1002.0295 1413.5922 1017.2744 0.0000 1073.1528 1163.9436 1435.5767 1361.8960 1088.6478 860.0149 979.5136 946.2869 1269.9088 880.0436 1467.9017 859.2281 1070.4172 1679.7056 1290.6805 1115.7597
1221.7671 1432.3796 1003.2521 1073.1528 0.0000 410.9863 753.5128 949.0256 1144.5893 918.1998 1008.5129 940.0217 1397.4530 839.2553 1403.5837 978.5802 998.3267 1104.0836 1376.9331 1245.3801
858.2886 1182.4810 682.6617 1163.9436 410.9863 0.0000 862.1257 991.5500 714.5264 1128.2058 816.1332 773.0906 1180.2253 764.9521 1535.1091 1045.6564 892.1944 1149.9400 1148.7394 1433.3116
848.6545 952.6543 1053.0533 1435.5767 753.5128 862.1257 0.0000 1545.0686 1251.3554 1343.3544 591.4063 1022.8882 1070.2311 986.4832 836.5205 1188.2843 1084.7908 997.6046 1029.3254 885.2970
1018.8179 1082.4208 1322.0359 1361.8960 949.0256 991.5500 1545.0686 0.0000 953.4452 1050.0785 736.0185 1151.6321 396.2378 1041.0842 1265.4370 1022.6137 1468.3729 1109.2776 1281.9478 766.1439
1035.0081 630.1573 839.8740 1088.6478 1144.5893 714.5264 1251.3554 953.4452 0.0000 904.0529 971.1163 510.1894 1075.2436 1168.3620 1122.9371 679.5706 721.0439 1056.2150 855.4651 953.3438
1100.2025 1217.7684 1232.8335 860.0149 918.1998 1128.2058 1343.3544 1050.0785 904.0529 0.0000 669.0191 953.3762 565.0476 1450.4978 1174.8452 1285.7599 1299.2629 1000.9443 1484.9522 1119.3774
1073.5647 1139.4308 1365.9058 979.5136 1008.5129 816.1332 591.4063 736.0185 971.1163 669.0191 0.0000 659.3577 973.6311 1011.3276 865.5534 1323.3705 957.2716 536.2164 988.1112 1056.6688
1206.8133 1638.6700 874.6562 946.2869 940.0217 773.0906 1022.8882 1151.6321 510.1894 953.3762 659.3577 0.0000 605.9800 1517.9850 982.5702 925.3023 1606.2697 1137.6946 546.3709 975.3409
1240.0114 1040.0621 722.9269 1269.9088 1397.4530 1180.2253 1070.2311 396.2378 1075.2436 565.0476 973.6311 605.9800 0.0000 1098.0162 1113.0433 987.7519 1086.0845 902.6326 758.6271 970.7806
1250.1311 926.9652 837.5600 880.0436 839.2553 764.9521 986.4832 1041.0842 1168.3620 1450.4978 1011.3276 1517.9850 1098.0162 0.0000 772.1925 803.9791 1320.8298 651.3004 1279.8961 791.9174
572.3181 1608.5415 851.9714 1467.9017 1403.5837 1535.1091 836.5205 1265.4370 1122.9371 1174.8452 865.5534 982.5702 1113.0433 772.1925 0.0000 893.7356 787.8150 1090.8582 1044.0546 1005.4633
766.5514 932.4424 1158.2464 859.2281 978.5802 1045.6564 1188.2843 1022.6137 679.5706 1285.7599 1323.3705 925.3023 987.7519 803.9791 893.7356 0.0000 1060.9622 1358.6683 1195.6819 1050.0382
1261.1617 530.9076 890.7509 1070.4172 998.3267 892.1944 1084.7908 1468.3729 721.0439 1299.2629 957.2716 1606.2697 1086.0845 1320.8298 787.8150 1060.9622 0.0000 825.5349 1343.8622 500.8624
1367.8900 880.0988 1081.0291 1679.7056 1104.0836 1149.9400 997.6046 1109.2776 1056.2150 1000.9443 536.2164 1137.6946 902.6326 651.3004 1090.8582 1358.6683 825.5349 0.0000 313.6058 669.8814
1375.0519 769.2407 1542.7017 1290.6805 1376.9331 1148.7394 1029.3254 1281.9478 855.4651 1484.9522 988.1112 546.3709 758.6271 1279.8961 1044.0546 1195.6819 1343.8622 313.6058 0.0000 1001.0265
848.8923 822.5727 1074.5897 1115.7597 1245.3801 1433.3116 885.2970 766.1439 953.3438 1119.3774 1056.6688 975.3409 970.7806 791.9174 1005.4633 1050.0382 500.8624 669.8814 1001.0265 0.0000

Time taken: 600.0062439441681 seconds
Lower bound from Heuristic function: 10949.279439118198
Total number of nodes explored: 124716

Minimum Tour Cost: 13551.85406040301
Path: 0 -> 1 -> 2 -> 5 -> 4 -> 6 -> 10 -> 17 -> 18 -> 11 -> 8 -> 15 -> 13 -> 3 -> 9 -> 12 -> 7 -> 19 -> 16 -> 14 -> 0