10
0.0000 4391.8343 3245.5169 3869.6041 5578.2039 4031.5853 4219.1386 4501.5002 7111.4163 4355.9388
4391.8343 0.0000 3121.3375 4795.5908 5624.9197 5497.7916 5017.5671 6748.3877 2971.6557 6993.7566
3245.5169 3121.3375 0.0000 5029.6913 6915.9778 4217.4662 6778.4023 4379.6204 5500.6248 5844.1668
3869.6041 4795.5908 5029.6913 0.0000 4195.5753 4997.0059 7453.9246 6640.2341 6188.7976 3857.1649
5578.2039 5624.9197 6915.9778 4195.5753 0.0000 5238.7734 5148.6437 7288.6169 8436.8414 8842.1204
4031.5853 5497.7916 4217.4662 4997.0059 5238.7734 0.0000 5636.3970 7419.2255 3109.2474 5773.6166
4219.1386 5017.5671 6778.4023 7453.9246 5148.6437 5636.3970 0.0000 6820.4209 4900.8204 3465.5232
4501.5002 6748.3877 4379.6204 6640.2341 7288.6169 7419.2255 6820.4209 0.0000 5069.2315 5032.7513
7111.4163 2971.6557 5500.6248 6188.7976 8436.8414 3109.2474 4900.8204 5069.2315 0.0000 4301.1560
4355.9388 6993.7566 5844.1668 3857.1649 8842.1204 5773.6166 3465.5232 5032.7513 4301.1560 0.0000

Time taken: 0.2653520107269287 seconds
Lower bound from Heuristic function: 36527.24454483033
Total number of nodes explored: 300

Minimum Tour Cost: 39059.53640269262
Path: 0 -> 6 -> 9 -> 3 -> 4 -> 5 -> 8 -> 1 -> 2 -> 7 -> 0