20
0.0000 126.4467 83.8277 89.5126 74.3299 90.0640 84.3233 102.8213 86.6091 87.8504 108.2859 114.0690 114.9162 149.8237 98.5354 113.2561 113.6445 103.4525 103.0511 134.0057
126.4467 0.0000 70.9066 64.0684 49.8456 152.0524 111.9794 101.7283 101.2327 86.4489 100.2782 141.9703 87.7839 73.5217 43.0246 113.8458 75.5538 138.8243 101.7633 95.1389
83.8277 70.9066 0.0000 91.7295 103.3918 101.6576 83.0491 127.1098 122.6259 115.0192 134.1374 119.5981 40.6588 101.6690 105.1102 69.8259 123.9292 99.4442 98.6541 78.7367
89.5126 64.0684 91.7295 0.0000 154.0008 123.7539 123.8794 100.1604 179.1799 100.5281 83.0949 127.7447 81.4941 97.0869 135.4768 64.2578 102.9939 129.7230 126.1056 124.8247
74.3299 49.8456 103.3918 154.0008 0.0000 92.0524 57.4874 47.5466 71.5595 75.0384 102.7544 72.0428 85.5693 129.5092 123.8252 135.4479 108.6458 139.6894 100.1234 51.9282
90.0640 152.0524 101.6576 123.7539 92.0524 0.0000 142.3577 102.2157 94.4620 104.9019 113.2134 104.3325 88.1583 81.7840 131.7373 108.3016 71.4625 79.1857 68.9085 122.1165
84.3233 111.9794 83.0491 123.8794 57.4874 142.3577 0.0000 109.8710 128.3776 73.6064 127.0149 88.4219 93.9183 116.8027 99.2681 87.5739 101.1654 133.9697 86.3240 77.7920
102.8213 101.7283 127.1098 100.1604 47.5466 102.2157 109.8710 0.0000 99.1321 137.4670 68.3039 128.6092 57.6685 143.9679 114.9874 52.1690 94.1696 128.9698 83.4256 114.9168
86.6091 101.2327 122.6259 179.1799 71.5595 94.4620 128.3776 99.1321 0.0000 109.5692 125.9821 133.0386 104.3142 120.4598 131.2220 101.3001 90.3807 150.0773 126.3156 76.1772
87.8504 86.4489 115.0192 100.5281 75.0384 104.9019 73.6064 137.4670 109.5692 0.0000 96.8584 106.6508 86.5029 118.4970 110.5048 110.0395 104.2848 123.4722 143.3542 140.8913
108.2859 100.2782 134.1374 83.0949 102.7544 113.2134 127.0149 68.3039 125.9821 96.8584 0.0000 93.4478 121.5062 104.0362 52.7962 113.7100 117.8184 128.8618 112.2290 125.2841
114.0690 141.9703 119.5981 127.7447 72.0428 104.3325 88.4219 128.6092 133.0386 106.6508 93.4478 0.0000 87.2093 151.4667 63.9689 134.6217 95.9842 93.3568 78.9407 71.6359
114.9162 87.7839 40.6588 81.4941 85.5693 88.1583 93.9183 57.6685 104.3142 86.5029 121.5062 87.2093 0.0000 117.8015 125.3328 101.5083 38.3172 67.6268 117.4177 82.0072
149.8237 73.5217 101.6690 97.0869 129.5092 81.7840 116.8027 143.9679 120.4598 118.4970 104.0362 151.4667 117.8015 0.0000 97.8300 95.5325 115.7986 150.6017 93.2498 121.7117
98.5354 43.0246 105.1102 135.4768 123.8252 131.7373 99.2681 114.9874 131.2220 110.5048 52.7962 63.9689 125.3328 97.8300 0.0000 114.5703 99.9941 91.4255 147.1314 77.3284
113.2561 113.8458 69.8259 64.2578 135.4479 108.3016 87.5739 52.1690 101.3001 110.0395 113.7100 134.6217 101.5083 95.5325 114.5703 0.0000 80.4399 62.4140 117.3213 91.9163
113.6445 75.5538 123.9292 102.9939 108.6458 71.4625 101.1654 94.1696 90.3807 104.2848 117.8184 95.9842 38.3172 115.7986 99.9941 80.4399 0.0000 58.8532 98.1952 86.5096
103.4525 138.8243 99.4442 129.7230 139.6894 79.1857 133.9697 128.9698 150.0773 123.4722 128.8618 93.3568 67.6268 150.6017 91.4255 62.4140 58.8532 0.0000 69.2283 121.0792
103.0511 101.7633 98.6541 126.1056 100.1234 68.9085 86.3240 83.4256 126.3156 143.3542 112.2290 78.9407 117.4177 93.2498 147.1314 117.3213 98.1952 69.2283 0.0000 82.8239
134.0057 95.1389 78.7367 124.8247 51.9282 122.1165 77.7920 114.9168 76.1772 140.8913 125.2841 71.6359 82.0072 121.7117 77.3284 91.9163 86.5096 121.0792 82.8239 0.0000

Time taken: 600.0072758197784 seconds
Lower bound from Heuristic function: 1222.585679419361
Total number of nodes explored: 145590

Minimum Tour Cost: 1387.6679432823344
Path: 0 -> 1 -> 13 -> 5 -> 18 -> 17 -> 16 -> 12 -> 2 -> 6 -> 9 -> 4 -> 7 -> 15 -> 3 -> 10 -> 14 -> 11 -> 19 -> 8 -> 0