15
0.0000 4747.4819 3736.0737 6636.0033 5161.2774 3167.7253 4817.8757 3365.2826 3645.8290 3875.3746 3222.0435 6152.1332 3399.4619 5406.7272 5540.9311
4747.4819 0.0000 4472.0475 3208.0982 7910.1623 4902.5357 5127.7483 4995.5071 7207.5668 4692.6773 4261.5420 2442.1802 1580.3760 7103.2315 5518.9784
3736.0737 4472.0475 0.0000 6687.9382 5499.8478 3379.1380 5334.0744 4255.8230 4934.8814 2139.0919 5462.5542 5073.2603 4860.0176 6001.7450 4674.8048
6636.0033 3208.0982 6687.9382 0.0000 6818.2971 5063.3887 5356.6249 3693.9829 6043.3444 6515.6051 5242.5805 6730.2945 5253.7820 3062.7394 3087.3968
5161.2774 7910.1623 5499.8478 6818.2971 0.0000 1839.4079 6300.6426 2978.2399 4837.3533 3844.8412 3289.5205 3308.0809 5057.3490 4365.7019 5152.9662
3167.7253 4902.5357 3379.1380 5063.3887 1839.4079 0.0000 3058.1095 4367.4885 5114.9532 4964.4071 6423.4548 3962.6660 6228.8482 3439.9954 5127.1786
4817.8757 5127.7483 5334.0744 5356.6249 6300.6426 3058.1095 0.0000 4402.6050 4973.9895 3882.5128 6345.7618 6370.5962 6176.6226 6198.4034 3432.6685
3365.2826 4995.5071 4255.8230 3693.9829 2978.2399 4367.4885 4402.6050 0.0000 6774.7990 5389.5929 3697.3932 7168.5312 5574.6289 5364.6156 5260.8993
3645.8290 7207.5668 4934.8814 6043.3444 4837.3533 5114.9532 4973.9895 6774.7990 0.0000 6500.1606 4113.2373 4520.5958 3878.8940 2029.7177 3011.8771
3875.3746 4692.6773 2139.0919 6515.6051 3844.8412 4964.4071 3882.5128 5389.5929 6500.1606 0.0000 4573.4773 4618.7014 5447.2913 7313.4456 7019.4224
3222.0435 4261.5420 5462.5542 5242.5805 3289.5205 6423.4548 6345.7618 3697.3932 4113.2373 4573.4773 0.0000 6466.3357 8200.3812 5985.1552 3103.3747
6152.1332 2442.1802 5073.2603 6730.2945 3308.0809 3962.6660 6370.5962 7168.5312 4520.5958 4618.7014 6466.3357 0.0000 6521.8188 6078.6412 6626.4863
3399.4619 1580.3760 4860.0176 5253.7820 5057.3490 6228.8482 6176.6226 5574.6289 3878.8940 5447.2913 8200.3812 6521.8188 0.0000 4231.8823 6763.3451
5406.7272 7103.2315 6001.7450 3062.7394 4365.7019 3439.9954 6198.4034 5364.6156 2029.7177 7313.4456 5985.1552 6078.6412 4231.8823 0.0000 6284.1824
5540.9311 5518.9784 4674.8048 3087.3968 5152.9662 5127.1786 3432.6685 5260.8993 3011.8771 7019.4224 3103.3747 6626.4863 6763.3451 6284.1824 0.0000

Time taken: 49.65571665763855 seconds
Lower bound from Heuristic function: 37730.092910551284
Total number of nodes explored: 19742

Minimum Tour Cost: 44028.77939942057
Path: 0 -> 10 -> 14 -> 8 -> 13 -> 3 -> 7 -> 2 -> 9 -> 6 -> 5 -> 4 -> 11 -> 1 -> 12 -> 0