10
0.0000 6623.0581 9573.4543 12935.9964 9830.8480 11728.0009 7769.6239 7082.5722 9461.5116 8079.0568
6623.0581 0.0000 8617.0408 9950.7414 8936.5998 11174.9741 9574.7776 9876.0377 10747.5772 11933.7916
9573.4543 8617.0408 0.0000 10801.4038 10849.3035 5735.8917 9249.6593 8063.2890 12162.1823 14683.5917
12935.9964 9950.7414 10801.4038 0.0000 7827.2583 13928.5745 11503.3323 10007.8675 8537.9466 11795.6557
9830.8480 8936.5998 10849.3035 7827.2583 0.0000 8646.3407 12536.1929 11164.8093 12465.4801 9960.4929
11728.0009 11174.9741 5735.8917 13928.5745 8646.3407 0.0000 9220.4377 10979.3423 10121.3588 11464.4244
7769.6239 9574.7776 9249.6593 11503.3323 12536.1929 9220.4377 0.0000 10343.1309 11134.2305 14370.5534
7082.5722 9876.0377 8063.2890 10007.8675 11164.8093 10979.3423 10343.1309 0.0000 10618.2471 10389.7599
9461.5116 10747.5772 12162.1823 8537.9466 12465.4801 10121.3588 11134.2305 10618.2471 0.0000 8450.9927
8079.0568 11933.7916 14683.5917 11795.6557 9960.4929 11464.4244 14370.5534 10389.7599 8450.9927 0.0000

Time taken: 0.3271787166595459 seconds
Lower bound from Heuristic function: 73732.67732807652
Total number of nodes explored: 334

Minimum Tour Cost: 81508.82225863238
Path: 0 -> 7 -> 2 -> 5 -> 6 -> 1 -> 4 -> 3 -> 8 -> 9 -> 0