15
0.0000 40.9510 31.9296 6.2794 64.1175 49.7979 79.3386 30.7492 76.1584 65.7576 71.8534 46.8327 51.0187 24.7118 65.9648
40.9510 0.0000 55.4125 41.1158 49.2431 45.5161 61.1050 67.4280 54.9865 54.2602 42.2053 20.5686 43.1997 71.4689 69.5984
31.9296 55.4125 0.0000 69.2449 65.8551 58.6686 77.2373 58.0803 62.6679 29.3541 59.8997 60.2070 34.2071 71.7361 48.3050
6.2794 41.1158 69.2449 0.0000 45.0367 25.3013 71.9377 63.7492 51.1899 60.0411 66.6858 43.4409 44.7436 86.5991 53.1182
64.1175 49.2431 65.8551 45.0367 0.0000 43.7693 38.7948 54.3530 71.0064 51.2591 54.8942 72.6399 44.9630 68.4169 64.6813
49.7979 45.5161 58.6686 25.3013 43.7693 0.0000 47.7704 39.6866 58.0555 47.6274 23.1179 45.1201 31.4236 16.8072 53.3114
79.3386 61.1050 77.2373 71.9377 38.7948 47.7704 0.0000 71.6247 46.5797 47.6943 28.0836 44.1652 64.9801 62.8202 47.5645
30.7492 67.4280 58.0803 63.7492 54.3530 39.6866 71.6247 0.0000 48.0039 54.3267 59.7246 58.8907 55.3964 65.2482 58.8572
76.1584 54.9865 62.6679 51.1899 71.0064 58.0555 46.5797 48.0039 0.0000 45.8451 43.3753 69.5337 60.2222 49.8421 67.7510
65.7576 54.2602 29.3541 60.0411 51.2591 47.6274 47.6943 54.3267 45.8451 0.0000 53.1487 59.2551 42.9712 55.6376 61.6511
71.8534 42.2053 59.8997 66.6858 54.8942 23.1179 28.0836 59.7246 43.3753 53.1487 0.0000 48.8034 76.8410 46.2431 67.2200
46.8327 20.5686 60.2070 43.4409 72.6399 45.1201 44.1652 58.8907 69.5337 59.2551 48.8034 0.0000 23.5906 72.4715 62.6206
51.0187 43.1997 34.2071 44.7436 44.9630 31.4236 64.9801 55.3964 60.2222 42.9712 76.8410 23.5906 0.0000 40.6154 52.8607
24.7118 71.4689 71.7361 86.5991 68.4169 16.8072 62.8202 65.2482 49.8421 55.6376 46.2431 72.4715 40.6154 0.0000 71.2636
65.9648 69.5984 48.3050 53.1182 64.6813 53.3114 47.5645 58.8572 67.7510 61.6511 67.2200 62.6206 52.8607 71.2636 0.0000

Time taken: 120.92855048179626 seconds
Lower bound from Heuristic function: 435.0982622341344
Total number of nodes explored: 57358

Minimum Tour Cost: 500.58252900177786
Path: 0 -> 13 -> 5 -> 10 -> 6 -> 4 -> 1 -> 11 -> 12 -> 2 -> 9 -> 8 -> 7 -> 14 -> 3 -> 0