10
0.0000 652.6359 544.7624 584.0236 367.5394 789.8861 127.4527 601.2058 413.7452 545.1008
652.6359 0.0000 367.1853 549.0013 656.1593 599.4702 772.6971 513.2962 445.5967 397.2758
544.7624 367.1853 0.0000 624.9890 624.6673 520.5390 537.6053 663.0688 509.8624 659.7114
584.0236 549.0013 624.9890 0.0000 433.2352 347.7269 633.9236 698.8539 627.3355 619.2581
367.5394 656.1593 624.6673 433.2352 0.0000 467.5645 262.8013 711.6914 442.0189 350.1451
789.8861 599.4702 520.5390 347.7269 467.5645 0.0000 550.9069 656.3576 766.8255 454.6484
127.4527 772.6971 537.6053 633.9236 262.8013 550.9069 0.0000 376.2935 603.9577 404.3476
601.2058 513.2962 663.0688 698.8539 711.6914 656.3576 376.2935 0.0000 453.2184 493.4502
413.7452 445.5967 509.8624 627.3355 442.0189 766.8255 603.9577 453.2184 0.0000 419.8281
545.1008 397.2758 659.7114 619.2581 350.1451 454.6484 404.3476 493.4502 419.8281 0.0000

Time taken: 0.47041797637939453 seconds
Lower bound from Heuristic function: 3202.954119535396
Total number of nodes explored: 519

Minimum Tour Cost: 3810.2943978830435
Path: 0 -> 4 -> 3 -> 5 -> 2 -> 1 -> 9 -> 8 -> 7 -> 6 -> 0