15
0.0000 11179.0533 7663.3813 10190.9476 10466.2594 9769.1879 8844.2213 8873.7696 6597.3121 8815.1899 9505.0873 9203.8165 10443.3489 6704.9774 11366.6962
11179.0533 0.0000 11591.7951 15790.3688 6411.4918 11948.6609 10099.2852 10046.0658 8821.8253 13366.3030 12272.9235 11163.9046 10878.9785 12727.3967 12588.5941
7663.3813 11591.7951 0.0000 7998.5173 13670.3426 6113.3145 8285.1133 8547.2551 9651.4512 17824.4572 7040.4818 9294.0845 12219.7314 13228.6237 12672.3653
10190.9476 15790.3688 7998.5173 0.0000 7271.7214 8829.3851 11762.9993 10031.2485 8342.9429 8828.7886 8882.1353 9310.2646 14162.7305 12345.6021 8497.9719
10466.2594 6411.4918 13670.3426 7271.7214 0.0000 4125.5632 12194.7099 7643.1251 11002.7603 12435.4145 9556.0507 11579.5393 6271.0202 8560.6435 10679.8163
9769.1879 11948.6609 6113.3145 8829.3851 4125.5632 0.0000 5991.1838 8404.1551 11754.8148 11361.0127 8790.3638 6284.2680 10391.1190 11304.7312 10951.1075
8844.2213 10099.2852 8285.1133 11762.9993 12194.7099 5991.1838 0.0000 10644.0448 9016.5164 5397.3689 8796.2034 10187.3747 9723.0113 13062.2293 9858.9930
8873.7696 10046.0658 8547.2551 10031.2485 7643.1251 8404.1551 10644.0448 0.0000 9686.4860 11269.9353 10424.9450 12287.5323 9939.1587 7116.1442 10776.5009
6597.3121 8821.8253 9651.4512 8342.9429 11002.7603 11754.8148 9016.5164 9686.4860 0.0000 11442.4601 15552.3244 8309.6311 5522.7305 6273.5936 13066.3313
8815.1899 13366.3030 17824.4572 8828.7886 12435.4145 11361.0127 5397.3689 11269.9353 11442.4601 0.0000 11904.5863 9684.2306 6524.8912 12208.3910 7090.5543
9505.0873 12272.9235 7040.4818 8882.1353 9556.0507 8790.3638 8796.2034 10424.9450 15552.3244 11904.5863 0.0000 12765.8145 8616.9210 10725.8498 14689.2487
9203.8165 11163.9046 9294.0845 9310.2646 11579.5393 6284.2680 10187.3747 12287.5323 8309.6311 9684.2306 12765.8145 0.0000 6681.3456 11350.2493 9470.4353
10443.3489 10878.9785 12219.7314 14162.7305 6271.0202 10391.1190 9723.0113 9939.1587 5522.7305 6524.8912 8616.9210 6681.3456 0.0000 11834.2343 15750.3314
6704.9774 12727.3967 13228.6237 12345.6021 8560.6435 11304.7312 13062.2293 7116.1442 6273.5936 12208.3910 10725.8498 11350.2493 11834.2343 0.0000 5400.6745
11366.6962 12588.5941 12672.3653 8497.9719 10679.8163 10951.1075 9858.9930 10776.5009 13066.3313 7090.5543 14689.2487 9470.4353 15750.3314 5400.6745 0.0000

Time taken: 22.163300275802612 seconds
Lower bound from Heuristic function: 96730.82394176937
Total number of nodes explored: 8357

Minimum Tour Cost: 103396.85952253807
Path: 0 -> 2 -> 10 -> 3 -> 4 -> 1 -> 7 -> 13 -> 14 -> 9 -> 6 -> 5 -> 11 -> 12 -> 8 -> 0