10
0.0000 49.7077 49.4897 91.1298 60.4129 55.6722 38.5701 56.6960 58.4065 52.4433
49.7077 0.0000 37.6435 56.6874 54.8455 24.4730 19.9748 32.1639 68.4889 40.9316
49.4897 37.6435 0.0000 39.6561 56.4458 53.2118 28.1570 49.6771 79.3813 35.5971
91.1298 56.6874 39.6561 0.0000 73.9090 67.9221 84.3858 61.8951 49.5024 84.3048
60.4129 54.8455 56.4458 73.9090 0.0000 62.3750 70.7778 57.0879 40.6252 34.5711
55.6722 24.4730 53.2118 67.9221 62.3750 0.0000 64.1343 61.5475 42.7076 35.9966
38.5701 19.9748 28.1570 84.3858 70.7778 64.1343 0.0000 57.9771 37.1407 48.6215
56.6960 32.1639 49.6771 61.8951 57.0879 61.5475 57.9771 0.0000 50.0762 32.7009
58.4065 68.4889 79.3813 49.5024 40.6252 42.7076 37.1407 50.0762 0.0000 62.5462
52.4433 40.9316 35.5971 84.3048 34.5711 35.9966 48.6215 32.7009 62.5462 0.0000

Time taken: 0.4528977870941162 seconds
Lower bound from Heuristic function: 348.69683231383465
Total number of nodes explored: 558

Minimum Tour Cost: 376.09198086834937
Path: 0 -> 5 -> 1 -> 7 -> 9 -> 4 -> 8 -> 3 -> 2 -> 6 -> 0