20
0.0000 458.4049 741.3265 491.4338 559.0903 450.6859 626.4317 351.7259 360.9465 750.1645 580.7707 309.1916 282.4643 651.0486 366.1429 475.8998 269.9155 707.2749 339.6617 384.1344
458.4049 0.0000 451.2317 732.5822 832.2475 587.1872 449.9256 581.2984 562.3480 512.2014 475.2388 661.9216 617.2108 416.1893 553.5117 625.1659 589.4797 401.9163 518.4853 500.4187
741.3265 451.2317 0.0000 429.8109 576.2738 681.4463 474.6585 327.8705 574.5550 714.6110 163.3756 470.2523 572.9808 403.1423 262.8651 612.6247 550.5257 448.6858 459.6730 463.0767
491.4338 732.5822 429.8109 0.0000 693.8129 689.5508 695.8548 629.0166 437.9894 304.0832 323.8050 359.1011 531.2934 359.6718 623.1908 306.3937 725.0636 668.6055 542.5397 554.9591
559.0903 832.2475 576.2738 693.8129 0.0000 534.2410 476.4024 442.8316 663.8460 727.9744 505.9507 709.3092 539.4962 428.0378 476.4507 465.9997 659.8197 369.1382 486.4530 571.7474
450.6859 587.1872 681.4463 689.5508 534.2410 0.0000 624.7771 462.8579 511.4980 685.2080 719.7801 351.2222 368.8628 763.4909 718.2363 391.8165 456.3608 388.0308 290.4048 558.2777
626.4317 449.9256 474.6585 695.8548 476.4024 624.7771 0.0000 708.2636 328.9549 506.9788 525.1169 605.8194 396.3063 483.8791 872.5939 457.5910 138.3991 627.8038 416.1846 717.1140
351.7259 581.2984 327.8705 629.0166 442.8316 462.8579 708.2636 0.0000 370.2333 498.9819 630.6129 241.2298 492.4279 567.2661 247.1618 425.5578 581.9703 524.9300 492.8601 689.6849
360.9465 562.3480 574.5550 437.9894 663.8460 511.4980 328.9549 370.2333 0.0000 348.1934 697.8676 356.0369 510.0443 630.4498 670.1491 469.4200 465.4818 438.4109 586.8568 301.4728
750.1645 512.2014 714.6110 304.0832 727.9744 685.2080 506.9788 498.9819 348.1934 0.0000 469.3564 598.9000 447.1457 796.5726 513.0804 483.8211 359.7957 366.3255 695.5755 286.8538
580.7707 475.2388 163.3756 323.8050 505.9507 719.7801 525.1169 630.6129 697.8676 469.3564 0.0000 480.9100 486.8669 436.4020 476.0889 278.9726 319.2763 489.5805 504.0368 410.4547
309.1916 661.9216 470.2523 359.1011 709.3092 351.2222 605.8194 241.2298 356.0369 598.9000 480.9100 0.0000 584.1599 535.2536 331.4269 385.6194 431.1398 431.6942 506.4975 683.6120
282.4643 617.2108 572.9808 531.2934 539.4962 368.8628 396.3063 492.4279 510.0443 447.1457 486.8669 584.1599 0.0000 406.8925 661.1302 491.1846 497.3350 392.0181 736.2472 648.6755
651.0486 416.1893 403.1423 359.6718 428.0378 763.4909 483.8791 567.2661 630.4498 796.5726 436.4020 535.2536 406.8925 0.0000 613.6409 614.6486 480.4006 674.1567 578.2393 604.2021
366.1429 553.5117 262.8651 623.1908 476.4507 718.2363 872.5939 247.1618 670.1491 513.0804 476.0889 331.4269 661.1302 613.6409 0.0000 449.8157 613.3404 435.5494 487.8769 721.5718
475.8998 625.1659 612.6247 306.3937 465.9997 391.8165 457.5910 425.5578 469.4200 483.8211 278.9726 385.6194 491.1846 614.6486 449.8157 0.0000 561.0859 596.1938 707.2531 335.9303
269.9155 589.4797 550.5257 725.0636 659.8197 456.3608 138.3991 581.9703 465.4818 359.7957 319.2763 431.1398 497.3350 480.4006 613.3404 561.0859 0.0000 354.8020 484.8904 738.5590
707.2749 401.9163 448.6858 668.6055 369.1382 388.0308 627.8038 524.9300 438.4109 366.3255 489.5805 431.6942 392.0181 674.1567 435.5494 596.1938 354.8020 0.0000 336.5161 535.5658
339.6617 518.4853 459.6730 542.5397 486.4530 290.4048 416.1846 492.8601 586.8568 695.5755 504.0368 506.4975 736.2472 578.2393 487.8769 707.2531 484.8904 336.5161 0.0000 241.9093
384.1344 500.4187 463.0767 554.9591 571.7474 558.2777 717.1140 689.6849 301.4728 286.8538 410.4547 683.6120 648.6755 604.2021 721.5718 335.9303 738.5590 535.5658 241.9093 0.0000

Time taken: 600.0066804885864 seconds
Lower bound from Heuristic function: 5530.661916620025
Total number of nodes explored: 159243

Minimum Tour Cost: 6530.04309607005
Path: 0 -> 1 -> 2 -> 7 -> 14 -> 11 -> 5 -> 18 -> 19 -> 8 -> 6 -> 16 -> 10 -> 15 -> 3 -> 9 -> 17 -> 4 -> 13 -> 12 -> 0