20
0.0000 11518.9149 12818.1917 9559.2366 9900.8569 9184.6383 8433.2871 10572.0711 7531.3819 9807.2365 9378.8960 10667.1914 7516.9407 9708.8157 14511.1423 8379.2483 12685.6730 11868.0742 14135.7098 8456.9373
11518.9149 0.0000 12300.3013 13913.9599 8318.1455 4948.2837 9450.5045 11190.0148 14240.9052 10157.1558 9074.5533 9110.8740 12057.2629 9110.3249 8040.0870 9894.6874 13650.7729 6577.9523 14515.6272 10964.3081
12818.1917 12300.3013 0.0000 6142.4780 8244.1680 8945.1289 10614.1168 15011.6931 9940.7199 10164.7959 7080.1569 6040.5646 10144.0348 11517.6895 7610.5048 6652.0141 14253.7669 13218.9253 9320.0588 13028.1966
9559.2366 13913.9599 6142.4780 0.0000 13602.3316 10829.5957 11071.8252 10396.7299 11942.8532 7346.9993 11164.5488 9064.6150 9657.6596 9692.4659 9516.9043 9684.7259 11572.7795 15091.1909 8872.0339 7693.7714
9900.8569 8318.1455 8244.1680 13602.3316 0.0000 9209.0652 15914.2366 7614.8792 6980.3228 9052.6222 9968.7044 8080.6497 11584.6348 10623.7535 11802.8482 12913.9944 10645.7194 14218.5286 12895.7481 12315.6612
9184.6383 4948.2837 8945.1289 10829.5957 9209.0652 0.0000 11910.5772 10269.8999 11342.3470 11275.3651 9763.7081 10288.2721 14513.2936 13398.8632 10372.8150 8384.9668 6373.8740 6685.3976 13299.2507 8580.0640
8433.2871 9450.5045 10614.1168 11071.8252 15914.2366 11910.5772 0.0000 9838.9523 14996.6098 14186.0440 4278.0471 10830.5424 11783.4682 14826.1795 9782.8370 9937.0447 10074.8327 9061.3925 4170.6302 6548.0380
10572.0711 11190.0148 15011.6931 10396.7299 7614.8792 10269.8999 9838.9523 0.0000 11955.4379 11525.6161 12587.7899 6888.0399 16941.1007 12910.8074 6583.8866 11072.3455 13484.2480 12971.9682 8151.0754 9618.4581
7531.3819 14240.9052 9940.7199 11942.8532 6980.3228 11342.3470 14996.6098 11955.4379 0.0000 9190.5621 6671.0223 4984.9530 8124.5389 13166.7773 12647.4395 9867.4578 11672.1940 7001.4956 7789.6783 13329.4684
9807.2365 10157.1558 10164.7959 7346.9993 9052.6222 11275.3651 14186.0440 11525.6161 9190.5621 0.0000 13657.6557 7463.3858 10909.0829 13114.0589 11028.3933 12251.7741 14963.6567 11842.7703 12827.0041 11180.1058
9378.8960 9074.5533 7080.1569 11164.5488 9968.7044 9763.7081 4278.0471 12587.7899 6671.0223 13657.6557 0.0000 6929.6081 14560.0185 11788.5739 9304.7044 9050.7282 11630.9196 7446.5855 9999.0380 6207.6176
10667.1914 9110.8740 6040.5646 9064.6150 8080.6497 10288.2721 10830.5424 6888.0399 4984.9530 7463.3858 6929.6081 0.0000 8710.6269 11793.2507 15140.6223 9778.6609 5303.7785 13038.2738 10984.6892 9864.5415
7516.9407 12057.2629 10144.0348 9657.6596 11584.6348 14513.2936 11783.4682 16941.1007 8124.5389 10909.0829 14560.0185 8710.6269 0.0000 2777.3768 8838.9506 11459.3956 9442.3594 10979.5883 12814.7183 7824.9834
9708.8157 9110.3249 11517.6895 9692.4659 10623.7535 13398.8632 14826.1795 12910.8074 13166.7773 13114.0589 11788.5739 11793.2507 2777.3768 0.0000 6231.7020 8267.7538 8301.4941 10066.8936 13348.4398 10792.5162
14511.1423 8040.0870 7610.5048 9516.9043 11802.8482 10372.8150 9782.8370 6583.8866 12647.4395 11028.3933 9304.7044 15140.6223 8838.9506 6231.7020 0.0000 13256.1987 5318.0511 11113.4842 10823.7233 7024.2127
8379.2483 9894.6874 6652.0141 9684.7259 12913.9944 8384.9668 9937.0447 11072.3455 9867.4578 12251.7741 9050.7282 9778.6609 11459.3956 8267.7538 13256.1987 0.0000 7567.7696 8168.2246 8660.3080 5322.3574
12685.6730 13650.7729 14253.7669 11572.7795 10645.7194 6373.8740 10074.8327 13484.2480 11672.1940 14963.6567 11630.9196 5303.7785 9442.3594 8301.4941 5318.0511 7567.7696 0.0000 7483.6464 13664.3052 7192.0591
11868.0742 6577.9523 13218.9253 15091.1909 14218.5286 6685.3976 9061.3925 12971.9682 7001.4956 11842.7703 7446.5855 13038.2738 10979.5883 10066.8936 11113.4842 8168.2246 7483.6464 0.0000 6825.5295 13175.8030
14135.7098 14515.6272 9320.0588 8872.0339 12895.7481 13299.2507 4170.6302 8151.0754 7789.6783 12827.0041 9999.0380 10984.6892 12814.7183 13348.4398 10823.7233 8660.3080 13664.3052 6825.5295 0.0000 9774.6815
8456.9373 10964.3081 13028.1966 7693.7714 12315.6612 8580.0640 6548.0380 9618.4581 13329.4684 11180.1058 6207.6176 9864.5415 7824.9834 10792.5162 7024.2127 5322.3574 7192.0591 13175.8030 9774.6815 0.0000

Time taken: 600.0133059024811 seconds
Lower bound from Heuristic function: 113563.61626385283
Total number of nodes explored: 171592

Minimum Tour Cost: 136543.55819919388
Path: 0 -> 1 -> 2 -> 3 -> 9 -> 4 -> 7 -> 11 -> 8 -> 12 -> 13 -> 14 -> 16 -> 5 -> 17 -> 18 -> 6 -> 10 -> 19 -> 15 -> 0