10
0.0000 92.6559 129.1196 123.1774 111.0477 125.6539 106.1779 63.1392 119.8582 106.2831
92.6559 0.0000 100.8856 142.9585 136.6969 59.0047 83.6864 135.1530 90.2356 121.1599
129.1196 100.8856 0.0000 115.4465 60.5814 73.3717 116.5225 97.0153 114.3735 109.3114
123.1774 142.9585 115.4465 0.0000 72.6515 127.0148 121.3716 90.5751 78.4649 116.9042
111.0477 136.6969 60.5814 72.6515 0.0000 107.3906 87.6459 111.6582 102.3315 115.8264
125.6539 59.0047 73.3717 127.0148 107.3906 0.0000 124.3093 110.3185 75.2107 67.6444
106.1779 83.6864 116.5225 121.3716 87.6459 124.3093 0.0000 133.1736 140.4648 69.5191
63.1392 135.1530 97.0153 90.5751 111.6582 110.3185 133.1736 0.0000 63.7398 123.7719
119.8582 90.2356 114.3735 78.4649 102.3315 75.2107 140.4648 63.7398 0.0000 132.7801
106.2831 121.1599 109.3114 116.9042 115.8264 67.6444 69.5191 123.7719 132.7801 0.0000

Time taken: 0.15837335586547852 seconds
Lower bound from Heuristic function: 653.550655504245
Total number of nodes explored: 172

Minimum Tour Cost: 725.4542770691717
Path: 0 -> 1 -> 6 -> 9 -> 5 -> 2 -> 4 -> 3 -> 8 -> 7 -> 0