20
0.0000 54.7875 60.1352 27.6131 55.6786 81.6987 43.5456 55.7391 70.7698 42.3383 44.0574 36.2915 75.7907 64.6937 42.2315 53.4755 80.1957 61.7719 53.1110 52.8077
54.7875 0.0000 60.3298 34.3283 33.4740 67.7800 48.5065 51.0499 53.0132 41.0416 54.5867 46.2171 37.4967 73.2111 39.8379 57.2146 60.9584 43.2449 47.5693 30.5852
60.1352 60.3298 0.0000 80.0040 41.8794 42.8952 59.8567 52.7923 42.6506 55.2308 47.7158 51.4716 59.3715 64.3348 21.9283 54.6156 35.7022 56.3455 52.6190 63.4043
27.6131 34.3283 80.0040 0.0000 38.7533 47.9562 52.4184 29.1468 27.6935 46.4948 52.4480 55.6836 35.7631 56.5148 58.3055 30.5609 35.3410 57.8812 47.5321 56.0615
55.6786 33.4740 41.8794 38.7533 0.0000 63.1538 41.6580 48.4937 64.7937 39.2203 41.6275 44.8056 79.1955 26.6308 58.1104 30.7292 54.3524 56.1045 52.1631 53.0248
81.6987 67.7800 42.8952 47.9562 63.1538 0.0000 43.7135 39.7365 55.4402 41.3878 30.9312 65.4160 58.9661 35.2136 64.1428 52.4436 50.9974 61.4004 55.4941 53.8429
43.5456 48.5065 59.8567 52.4184 41.6580 43.7135 0.0000 40.7523 82.2816 40.3236 31.3642 40.4400 32.7894 60.2630 73.5663 25.5110 62.4613 79.9818 76.4493 49.4672
55.7391 51.0499 52.7923 29.1468 48.4937 39.7365 40.7523 0.0000 53.3137 30.1939 39.9805 45.1816 63.2890 24.3332 26.8213 44.1627 79.3687 59.1655 52.5406 51.8639
70.7698 53.0132 42.6506 27.6935 64.7937 55.4402 82.2816 53.3137 0.0000 40.1830 21.9303 46.0380 65.6582 36.3548 58.9293 69.3230 95.3431 54.7571 71.3855 62.9682
42.3383 41.0416 55.2308 46.4948 39.2203 41.3878 40.3236 30.1939 40.1830 0.0000 57.4933 46.2601 30.5472 59.4713 38.9088 68.7890 21.7079 59.8866 48.2836 66.3681
44.0574 54.5867 47.7158 52.4480 41.6275 30.9312 31.3642 39.9805 21.9303 57.4933 0.0000 34.4628 68.4950 58.9570 42.9405 62.5085 68.2567 55.9330 49.9736 36.3223
36.2915 46.2171 51.4716 55.6836 44.8056 65.4160 40.4400 45.1816 46.0380 46.2601 34.4628 0.0000 73.9285 39.9629 29.5208 74.8732 60.4224 49.8370 69.0039 41.6367
75.7907 37.4967 59.3715 35.7631 79.1955 58.9661 32.7894 63.2890 65.6582 30.5472 68.4950 73.9285 0.0000 64.8333 40.0037 24.6445 70.3701 43.5196 40.1592 82.5094
64.6937 73.2111 64.3348 56.5148 26.6308 35.2136 60.2630 24.3332 36.3548 59.4713 58.9570 39.9629 64.8333 0.0000 34.0088 47.6640 42.1408 49.1971 64.3666 51.0694
42.2315 39.8379 21.9283 58.3055 58.1104 64.1428 73.5663 26.8213 58.9293 38.9088 42.9405 29.5208 40.0037 34.0088 0.0000 49.5789 44.1207 72.0327 83.3745 56.5548
53.4755 57.2146 54.6156 30.5609 30.7292 52.4436 25.5110 44.1627 69.3230 68.7890 62.5085 74.8732 24.6445 47.6640 49.5789 0.0000 78.8746 25.7634 74.8000 43.8758
80.1957 60.9584 35.7022 35.3410 54.3524 50.9974 62.4613 79.3687 95.3431 21.7079 68.2567 60.4224 70.3701 42.1408 44.1207 78.8746 0.0000 49.5551 35.4746 50.1946
61.7719 43.2449 56.3455 57.8812 56.1045 61.4004 79.9818 59.1655 54.7571 59.8866 55.9330 49.8370 43.5196 49.1971 72.0327 25.7634 49.5551 0.0000 58.5360 34.4718
53.1110 47.5693 52.6190 47.5321 52.1631 55.4941 76.4493 52.5406 71.3855 48.2836 49.9736 69.0039 40.1592 64.3666 83.3745 74.8000 35.4746 58.5360 0.0000 55.4713
52.8077 30.5852 63.4043 56.0615 53.0248 53.8429 49.4672 51.8639 62.9682 66.3681 36.3223 41.6367 82.5094 51.0694 56.5548 43.8758 50.1946 34.4718 55.4713 0.0000

Time taken: 600.0053131580353 seconds
Lower bound from Heuristic function: 553.9597484924154
Total number of nodes explored: 126191

Minimum Tour Cost: 624.8739651581242
Path: 0 -> 3 -> 1 -> 4 -> 13 -> 7 -> 14 -> 2 -> 5 -> 10 -> 8 -> 9 -> 16 -> 18 -> 12 -> 6 -> 15 -> 17 -> 19 -> 11 -> 0