20
0.0000 4742.9434 3976.5995 5843.1798 7498.3699 7077.7610 6565.2946 3219.4669 3854.5689 4461.3467 5949.6677 2016.3629 6019.0268 2058.2634 3948.7284 7795.0337 5489.3022 7260.1777 3173.1212 6511.4782
4742.9434 0.0000 4730.6282 6530.9100 4010.8924 6396.6387 5101.0286 6897.6694 5911.6568 5677.7109 3727.4998 5840.7850 4882.6216 6286.4638 5490.8324 3542.1287 6620.7373 7850.0319 5269.2941 4027.5262
3976.5995 4730.6282 0.0000 6138.4748 4105.5124 2496.9390 2279.1392 5913.1441 5970.7969 706.3941 5208.7098 3463.1174 5884.7734 6647.4044 3952.5834 4286.2343 4957.3874 4344.4352 5466.4102 4375.0523
5843.1798 6530.9100 6138.4748 0.0000 4794.6726 4863.9458 7339.8113 6550.9211 6175.8771 4142.8919 4069.4778 6663.7251 3477.6683 5790.5238 6438.7913 8998.6146 7228.0251 6713.5693 4123.9839 3601.7877
7498.3699 4010.8924 4105.5124 4794.6726 0.0000 6932.1805 6792.1640 4359.8115 5693.9210 4723.3842 3538.5016 6929.7141 5663.3046 5287.2421 4116.8880 3743.5233 4577.0961 4568.7117 6275.9369 5241.1712
7077.7610 6396.6387 2496.9390 4863.9458 6932.1805 0.0000 5893.0392 3408.4521 4605.0994 4035.2778 4988.3314 4323.8410 5812.5773 6358.4167 2772.0941 2877.3640 3733.9557 3262.9944 6943.4869 5037.0665
6565.2946 5101.0286 2279.1392 7339.8113 6792.1640 5893.0392 0.0000 2741.8856 6212.4339 9772.1949 2467.4597 6347.6671 4779.1068 4038.5036 4631.3973 6276.7094 9110.9647 5852.5430 5049.2070 6749.5133
3219.4669 6897.6694 5913.1441 6550.9211 4359.8115 3408.4521 2741.8856 0.0000 4909.9237 4627.6032 3910.8253 2420.8377 4839.3460 5818.5036 7287.5582 5938.2628 6935.4750 4435.6296 5023.8298 3380.5238
3854.5689 5911.6568 5970.7969 6175.8771 5693.9210 4605.0994 6212.4339 4909.9237 0.0000 5636.5787 4177.7573 7232.3164 2506.0936 1977.6140 7164.1644 5126.7315 8741.7240 4711.0409 929.5243 6954.7099
4461.3467 5677.7109 706.3941 4142.8919 4723.3842 4035.2778 9772.1949 4627.6032 5636.5787 0.0000 3847.1274 2426.8555 7203.8082 6072.3132 5214.8536 7727.3595 6171.7345 2388.8972 8086.4372 6004.7072
5949.6677 3727.4998 5208.7098 4069.4778 3538.5016 4988.3314 2467.4597 3910.8253 4177.7573 3847.1274 0.0000 5802.4157 5890.6930 5015.0496 5777.6373 3723.8272 5775.6198 2819.0193 2355.2895 3817.8062
2016.3629 5840.7850 3463.1174 6663.7251 6929.7141 4323.8410 6347.6671 2420.8377 7232.3164 2426.8555 5802.4157 0.0000 4178.6599 5993.4508 5272.9022 4893.5152 2816.4648 7531.9275 4269.1479 6960.1884
6019.0268 4882.6216 5884.7734 3477.6683 5663.3046 5812.5773 4779.1068 4839.3460 2506.0936 7203.8082 5890.6930 4178.6599 0.0000 6997.0030 6797.5949 2773.2583 2300.6905 5521.1648 5427.1223 4533.5295
2058.2634 6286.4638 6647.4044 5790.5238 5287.2421 6358.4167 4038.5036 5818.5036 1977.6140 6072.3132 5015.0496 5993.4508 6997.0030 0.0000 3625.2141 4017.2393 3540.6786 4532.3439 4724.8083 6890.0702
3948.7284 5490.8324 3952.5834 6438.7913 4116.8880 2772.0941 4631.3973 7287.5582 7164.1644 5214.8536 5777.6373 5272.9022 6797.5949 3625.2141 0.0000 5470.6532 6235.6829 5106.0419 3124.3931 3682.7943
7795.0337 3542.1287 4286.2343 8998.6146 3743.5233 2877.3640 6276.7094 5938.2628 5126.7315 7727.3595 3723.8272 4893.5152 2773.2583 4017.2393 5470.6532 0.0000 4041.6975 5459.2935 2759.1112 3146.9027
5489.3022 6620.7373 4957.3874 7228.0251 4577.0961 3733.9557 9110.9647 6935.4750 8741.7240 6171.7345 5775.6198 2816.4648 2300.6905 3540.6786 6235.6829 4041.6975 0.0000 7718.9762 3568.5347 4485.4071
7260.1777 7850.0319 4344.4352 6713.5693 4568.7117 3262.9944 5852.5430 4435.6296 4711.0409 2388.8972 2819.0193 7531.9275 5521.1648 4532.3439 5106.0419 5459.2935 7718.9762 0.0000 5808.1589 5078.3386
3173.1212 5269.2941 5466.4102 4123.9839 6275.9369 6943.4869 5049.2070 5023.8298 929.5243 8086.4372 2355.2895 4269.1479 5427.1223 4724.8083 3124.3931 2759.1112 3568.5347 5808.1589 0.0000 3712.8178
6511.4782 4027.5262 4375.0523 3601.7877 5241.1712 5037.0665 6749.5133 3380.5238 6954.7099 6004.7072 3817.8062 6960.1884 4533.5295 6890.0702 3682.7943 3146.9027 4485.4071 5078.3386 3712.8178 0.0000

Time taken: 600.0052478313446 seconds
Lower bound from Heuristic function: 47707.80234574314
Total number of nodes explored: 118580

Minimum Tour Cost: 53359.60900319605
Path: 0 -> 11 -> 16 -> 12 -> 3 -> 19 -> 7 -> 6 -> 2 -> 9 -> 17 -> 10 -> 4 -> 1 -> 15 -> 5 -> 14 -> 18 -> 8 -> 13 -> 0