15
0.0000 1183.8562 653.0590 845.7006 584.2145 1013.5103 1049.2614 783.0000 1137.5613 857.4487 926.4150 1324.0045 823.3544 835.7437 922.3671
1183.8562 0.0000 912.6690 1238.6641 1195.8000 1002.1683 1195.0420 1376.2940 1140.1503 1255.3062 421.5163 862.7641 749.8039 1320.5422 882.5685
653.0590 912.6690 0.0000 1217.9906 624.3972 943.6983 794.7504 1112.0325 891.1884 929.1806 669.9909 1200.0485 504.8300 953.4659 1115.8064
845.7006 1238.6641 1217.9906 0.0000 929.6277 769.1495 1354.1581 714.5430 1121.4658 756.3264 1123.5493 933.6139 1151.3569 1143.0789 837.5039
584.2145 1195.8000 624.3972 929.6277 0.0000 1306.8075 1236.2361 739.7557 832.7427 1376.9336 1000.1255 719.0599 1052.7116 570.8300 870.7261
1013.5103 1002.1683 943.6983 769.1495 1306.8075 0.0000 589.3928 747.2748 970.7816 1044.6436 1218.1678 1270.6831 891.1610 935.8732 905.2645
1049.2614 1195.0420 794.7504 1354.1581 1236.2361 589.3928 0.0000 1135.0876 857.0404 1077.7374 758.9336 700.5023 1279.1415 435.5494 692.0934
783.0000 1376.2940 1112.0325 714.5430 739.7557 747.2748 1135.0876 0.0000 1357.0145 1100.1882 836.2977 1099.4343 1108.3003 758.6294 783.1266
1137.5613 1140.1503 891.1884 1121.4658 832.7427 970.7816 857.0404 1357.0145 0.0000 1178.8851 866.5368 1344.0373 1151.5017 789.9968 876.2598
857.4487 1255.3062 929.1806 756.3264 1376.9336 1044.6436 1077.7374 1100.1882 1178.8851 0.0000 479.3695 1010.4401 963.3984 735.6400 1039.3052
926.4150 421.5163 669.9909 1123.5493 1000.1255 1218.1678 758.9336 836.2977 866.5368 479.3695 0.0000 723.9435 783.5999 1331.1712 479.9203
1324.0045 862.7641 1200.0485 933.6139 719.0599 1270.6831 700.5023 1099.4343 1344.0373 1010.4401 723.9435 0.0000 977.1100 826.4251 700.9723
823.3544 749.8039 504.8300 1151.3569 1052.7116 891.1610 1279.1415 1108.3003 1151.5017 963.3984 783.5999 977.1100 0.0000 1363.9222 725.2941
835.7437 1320.5422 953.4659 1143.0789 570.8300 935.8732 435.5494 758.6294 789.9968 735.6400 1331.1712 826.4251 1363.9222 0.0000 852.2101
922.3671 882.5685 1115.8064 837.5039 870.7261 905.2645 692.0934 783.1266 876.2598 1039.3052 479.9203 700.9723 725.2941 852.2101 0.0000

Time taken: 48.8464617729187 seconds
Lower bound from Heuristic function: 8845.615596034262
Total number of nodes explored: 20597

Minimum Tour Cost: 9722.16833974988
Path: 0 -> 2 -> 12 -> 1 -> 10 -> 9 -> 3 -> 7 -> 5 -> 6 -> 13 -> 8 -> 14 -> 11 -> 4 -> 0