10
0.0000 1542.9515 820.2465 1008.6319 988.1008 1269.8257 566.2570 833.6171 1500.4207 1039.6685
1542.9515 0.0000 1267.1619 952.0970 1139.6324 901.1450 525.9483 1007.9946 1187.7767 1040.3689
820.2465 1267.1619 0.0000 1352.5639 987.4857 866.1185 1322.7770 871.5962 557.8140 1141.0100
1008.6319 952.0970 1352.5639 0.0000 845.9693 360.2434 950.6348 1230.5343 1162.4701 669.7600
988.1008 1139.6324 987.4857 845.9693 0.0000 1183.9212 757.3434 668.0020 1033.2780 1505.4279
1269.8257 901.1450 866.1185 360.2434 1183.9212 0.0000 1436.4770 1667.2108 909.3284 891.5560
566.2570 525.9483 1322.7770 950.6348 757.3434 1436.4770 0.0000 1093.9894 1037.0423 991.0495
833.6171 1007.9946 871.5962 1230.5343 668.0020 1667.2108 1093.9894 0.0000 377.7309 867.2653
1500.4207 1187.7767 557.8140 1162.4701 1033.2780 909.3284 1037.0423 377.7309 0.0000 834.6054
1039.6685 1040.3689 1141.0100 669.7600 1505.4279 891.5560 991.0495 867.2653 834.6054 0.0000


Results from Branch and Bound:

Time taken: 0.08040785789489746 seconds
Lower bound from Heuristic function: 5750.981784531401
Total number of nodes explored: 606

Final path: 0 -> 4 -> 7 -> 8 -> 2 -> 5 -> 3 -> 9 -> 1 -> 6 -> 0
Cost of final path: 6620.343826312081

Results from Stochastic Local Search:

Time taken: 0.5547747611999512 seconds
Final path: 3 -> 9 -> 1 -> 6 -> 0 -> 4 -> 7 -> 8 -> 2 -> 5 -> 3
Cost of final path: 6620.34382631208