10
0.0000 49.7072 93.5640 119.3552 97.3881 112.5304 68.4410 144.4212 108.4528 116.7414
49.7072 0.0000 92.8287 127.6440 95.8403 114.9198 108.6527 49.2421 96.1253 122.8137
93.5640 92.8287 0.0000 104.4663 101.6750 148.8086 94.2558 111.3600 110.2631 106.4584
119.3552 127.6440 104.4663 0.0000 94.6049 129.6654 137.5966 65.0244 94.4012 125.7686
97.3881 95.8403 101.6750 94.6049 0.0000 57.4563 118.3155 125.8588 102.7226 98.5293
112.5304 114.9198 148.8086 129.6654 57.4563 0.0000 132.2177 107.1987 95.1438 60.7554
68.4410 108.6527 94.2558 137.5966 118.3155 132.2177 0.0000 105.7854 123.2436 129.1572
144.4212 49.2421 111.3600 65.0244 125.8588 107.1987 105.7854 0.0000 78.9686 128.0837
108.4528 96.1253 110.2631 94.4012 102.7226 95.1438 123.2436 78.9686 0.0000 100.5988
116.7414 122.8137 106.4584 125.7686 98.5293 60.7554 129.1572 128.0837 100.5988 0.0000


Results from Branch and Bound:

Time taken: 0.1880812644958496 seconds
Lower bound from Heuristic function: 688.7350564026231
Total number of nodes explored: 213

Final path: 0 -> 1 -> 7 -> 3 -> 8 -> 9 -> 5 -> 4 -> 2 -> 6 -> 0
Cost of final path: 741.5572528900682

Results from Stochastic Local Search:

Time taken: 2.5585296154022217 seconds
Final path: 0 -> 1 -> 7 -> 3 -> 8 -> 9 -> 5 -> 4 -> 2 -> 6 -> 0
Cost of final path: 52.82219648744523