10
0.0000 87.7319 78.6108 114.8089 81.2130 104.3358 49.6845 74.8816 73.4453 111.0157
87.7319 0.0000 94.1142 106.7365 107.1829 73.4427 109.1626 79.2816 110.4198 97.8342
78.6108 94.1142 0.0000 123.7390 86.0112 118.5338 118.3151 66.4766 150.3329 88.8709
114.8089 106.7365 123.7390 0.0000 108.2811 56.6375 129.7297 110.8740 73.0752 99.3420
81.2130 107.1829 86.0112 108.2811 0.0000 86.5832 73.3567 92.1282 118.8345 132.8039
104.3358 73.4427 118.5338 56.6375 86.5832 0.0000 93.8796 93.5395 86.4519 21.0516
49.6845 109.1626 118.3151 129.7297 73.3567 93.8796 0.0000 62.4577 118.9621 124.0045
74.8816 79.2816 66.4766 110.8740 92.1282 93.5395 62.4577 0.0000 122.2351 112.1903
73.4453 110.4198 150.3329 73.0752 118.8345 86.4519 118.9621 122.2351 0.0000 98.9035
111.0157 97.8342 88.8709 99.3420 132.8039 21.0516 124.0045 112.1903 98.9035 0.0000


Results from Branch and Bound:

Time taken: 0.11444401741027832 seconds
Lower bound from Heuristic function: 603.7336799871629
Total number of nodes explored: 833

Final path: 0 -> 6 -> 4 -> 2 -> 7 -> 1 -> 9 -> 5 -> 3 -> 8 -> 0
Cost of final path: 676.8544550150577

Results from Stochastic Local Search:

Time taken: 0.5321462154388428 seconds
Final path: 1 -> 7 -> 2 -> 4 -> 6 -> 0 -> 8 -> 3 -> 5 -> 9 -> 1
Cost of final path: 676.8544550150576