10
0.0000 6314.4318 4989.1714 4486.4612 5994.3608 4192.2148 8321.7464 3795.0532 7106.4158 3372.3226
6314.4318 0.0000 5056.1646 3122.8760 3378.1720 6675.0705 6071.0947 6779.7377 3136.3368 6362.7431
4989.1714 5056.1646 0.0000 4842.4270 6801.3889 4452.0533 3335.5759 6329.2947 4773.1220 5870.0460
4486.4612 3122.8760 4842.4270 0.0000 3838.5735 3364.6613 5233.1968 4303.8322 7603.4673 7182.5393
5994.3608 3378.1720 6801.3889 3838.5735 0.0000 6831.5885 6175.6510 4005.5024 4130.4538 3140.4853
4192.2148 6675.0705 4452.0533 3364.6613 6831.5885 0.0000 4950.4367 3782.2189 4237.4302 5745.5643
8321.7464 6071.0947 3335.5759 5233.1968 6175.6510 4950.4367 0.0000 5813.2534 3804.0204 4781.1200
3795.0532 6779.7377 6329.2947 4303.8322 4005.5024 3782.2189 5813.2534 0.0000 5852.7299 966.8249
7106.4158 3136.3368 4773.1220 7603.4673 4130.4538 4237.4302 3804.0204 5852.7299 0.0000 2346.7142
3372.3226 6362.7431 5870.0460 7182.5393 3140.4853 5745.5643 4781.1200 966.8249 2346.7142 0.0000


Results from Branch and Bound:

Time taken: 0.08568787574768066 seconds
Lower bound from Heuristic function: 28412.832446838238
Total number of nodes explored: 712

Final path: 0 -> 2 -> 6 -> 8 -> 9 -> 7 -> 4 -> 1 -> 3 -> 5 -> 0
Cost of final path: 33505.73312302392

Results from Stochastic Local Search:

Time taken: 0.5034017562866211 seconds
Final path: 0 -> 2 -> 6 -> 8 -> 9 -> 7 -> 4 -> 1 -> 3 -> 5 -> 0
Cost of final path: 33505.73312302392