10
0.0000 253.6076 595.5204 670.5084 701.1607 529.8811 428.3678 615.1423 511.3633 531.6506
253.6076 0.0000 708.5894 690.1879 449.7973 549.6288 387.8968 474.9257 432.2456 379.8151
595.5204 708.5894 0.0000 350.4381 482.2950 675.1462 483.8405 640.2855 460.1326 120.3013
670.5084 690.1879 350.4381 0.0000 423.9653 473.9850 576.7543 521.7773 563.3794 636.5846
701.1607 449.7973 482.2950 423.9653 0.0000 491.0652 767.7973 556.5477 505.9666 348.5382
529.8811 549.6288 675.1462 473.9850 491.0652 0.0000 514.9522 514.7081 493.1041 665.2390
428.3678 387.8968 483.8405 576.7543 767.7973 514.9522 0.0000 411.3469 577.1945 781.8093
615.1423 474.9257 640.2855 521.7773 556.5477 514.7081 411.3469 0.0000 352.4288 330.6974
511.3633 432.2456 460.1326 563.3794 505.9666 493.1041 577.1945 352.4288 0.0000 573.3713
531.6506 379.8151 120.3013 636.5846 348.5382 665.2390 781.8093 330.6974 573.3713 0.0000


Results from Branch and Bound:

Time taken: 0.06093549728393555 seconds
Lower bound from Heuristic function: 3192.5153754919347
Total number of nodes explored: 523

Final path: 0 -> 6 -> 7 -> 8 -> 5 -> 3 -> 2 -> 9 -> 4 -> 1 -> 0
Cost of final path: 3681.91498522236

Results from Stochastic Local Search:

Time taken: 0.5610198974609375 seconds
Final path: 9 -> 4 -> 1 -> 0 -> 6 -> 7 -> 8 -> 5 -> 3 -> 2 -> 9
Cost of final path: 3681.91498522236