10
0.0000 575.7531 298.4467 794.7698 587.3061 453.9036 190.9608 484.1067 456.6420 542.1994
575.7531 0.0000 401.6779 983.3613 377.9389 470.9805 303.3001 627.8309 494.0109 470.2430
298.4467 401.6779 0.0000 322.0425 518.7179 694.7609 382.1794 546.2978 342.1099 520.2538
794.7698 983.3613 322.0425 0.0000 559.5103 620.9924 515.2832 493.2379 528.4208 315.3915
587.3061 377.9389 518.7179 559.5103 0.0000 397.5782 450.8927 663.9298 276.7177 483.7053
453.9036 470.9805 694.7609 620.9924 397.5782 0.0000 377.1227 544.4509 737.5783 721.6387
190.9608 303.3001 382.1794 515.2832 450.8927 377.1227 0.0000 689.5991 600.0438 672.4758
484.1067 627.8309 546.2978 493.2379 663.9298 544.4509 689.5991 0.0000 260.0200 425.3044
456.6420 494.0109 342.1099 528.4208 276.7177 737.5783 600.0438 260.0200 0.0000 461.8265
542.1994 470.2430 520.2538 315.3915 483.7053 721.6387 672.4758 425.3044 461.8265 0.0000


Results from Branch and Bound:

Time taken: 0.17556977272033691 seconds
Lower bound from Heuristic function: 3026.3989711438344
Total number of nodes explored: 209

Final path: 0 -> 2 -> 3 -> 9 -> 7 -> 8 -> 4 -> 5 -> 1 -> 6 -> 0
Cost of final path: 3260.7425612188304

Results from Stochastic Local Search:

Time taken: 2.51432466506958 seconds
Final path: 5 -> 4 -> 8 -> 7 -> 9 -> 3 -> 2 -> 0 -> 6 -> 1 -> 5
Cost of final path: 234.3435900749961