10
0.0000 52.3095 46.5068 47.5513 61.7117 52.4404 72.1439 43.8834 66.1326 21.4753
52.3095 0.0000 57.0356 59.0721 48.1789 21.0750 47.2238 48.7638 49.7341 44.8306
46.5068 57.0356 0.0000 20.2760 43.9175 45.0935 41.3472 33.7200 77.3706 43.0740
47.5513 59.0721 20.2760 0.0000 71.8624 62.5075 52.2905 54.2338 39.6924 56.0045
61.7117 48.1789 43.9175 71.8624 0.0000 35.0015 78.0735 37.0270 32.7551 65.8270
52.4404 21.0750 45.0935 62.5075 35.0015 0.0000 12.3492 52.1421 38.2028 35.1645
72.1439 47.2238 41.3472 52.2905 78.0735 12.3492 0.0000 53.0692 55.7856 39.5275
43.8834 48.7638 33.7200 54.2338 37.0270 52.1421 53.0692 0.0000 39.2496 43.9299
66.1326 49.7341 77.3706 39.6924 32.7551 38.2028 55.7856 39.2496 0.0000 59.0117
21.4753 44.8306 43.0740 56.0045 65.8270 35.1645 39.5275 43.9299 59.0117 0.0000


Results from Branch and Bound:

Time taken: 0.06339550018310547 seconds
Lower bound from Heuristic function: 241.5038256526811
Total number of nodes explored: 484

Final path: 0 -> 9 -> 6 -> 5 -> 1 -> 4 -> 8 -> 3 -> 2 -> 7 -> 0
Cost of final path: 312.93279286650136

Results from Stochastic Local Search:

Time taken: 0.4934508800506592 seconds
Final path: 7 -> 2 -> 3 -> 8 -> 4 -> 1 -> 5 -> 6 -> 9 -> 0 -> 7
Cost of final path: 312.9327928665013