15
0.0000 72.4272 97.7427 76.8223 103.3952 73.0198 150.6701 125.0065 95.3544 114.2406 90.6133 91.2254 108.1084 104.5245 66.2378
72.4272 0.0000 59.7648 39.6945 124.1383 90.6157 65.2127 117.8442 57.9581 83.3737 105.4570 100.5834 101.5099 118.0282 86.9000
97.7427 59.7648 0.0000 87.8261 72.0856 83.6024 133.1661 117.5714 90.9828 96.3342 83.3373 122.3941 123.6018 113.2966 137.6933
76.8223 39.6945 87.8261 0.0000 56.8521 86.5120 55.3737 51.8196 81.8362 110.9109 83.8065 87.8358 93.5205 89.3622 147.0673
103.3952 124.1383 72.0856 56.8521 0.0000 137.6252 74.6628 71.0669 66.7424 79.4532 92.8544 136.8138 94.1439 109.2971 124.9350
73.0198 90.6157 83.6024 86.5120 137.6252 0.0000 87.3040 137.4888 75.0872 76.6575 146.7037 109.6333 123.7428 120.7360 75.1062
150.6701 65.2127 133.1661 55.3737 74.6628 87.3040 0.0000 93.9343 66.6313 82.8327 139.4517 94.8548 121.9633 111.1402 81.7519
125.0065 117.8442 117.5714 51.8196 71.0669 137.4888 93.9343 0.0000 65.1214 71.8388 104.7590 107.2077 98.7150 121.5110 95.0103
95.3544 57.9581 90.9828 81.8362 66.7424 75.0872 66.6313 65.1214 0.0000 73.0845 98.8455 137.6167 70.3262 65.8673 76.0152
114.2406 83.3737 96.3342 110.9109 79.4532 76.6575 82.8327 71.8388 73.0845 0.0000 73.1768 124.6951 39.0309 95.9080 79.3904
90.6133 105.4570 83.3373 83.8065 92.8544 146.7037 139.4517 104.7590 98.8455 73.1768 0.0000 94.7871 82.2685 124.6718 59.9271
91.2254 100.5834 122.3941 87.8358 136.8138 109.6333 94.8548 107.2077 137.6167 124.6951 94.7871 0.0000 135.9734 133.6498 79.1373
108.1084 101.5099 123.6018 93.5205 94.1439 123.7428 121.9633 98.7150 70.3262 39.0309 82.2685 135.9734 0.0000 99.5365 43.9598
104.5245 118.0282 113.2966 89.3622 109.2971 120.7360 111.1402 121.5110 65.8673 95.9080 124.6718 133.6498 99.5365 0.0000 103.2123
66.2378 86.9000 137.6933 147.0673 124.9350 75.1062 81.7519 95.0103 76.0152 79.3904 59.9271 79.1373 43.9598 103.2123 0.0000


Results from Branch and Bound:

Time taken: 4.994178533554077 seconds
Lower bound from Heuristic function: 917.9001813878649
Total number of nodes explored: 21484

Final path: 0 -> 5 -> 2 -> 1 -> 3 -> 7 -> 4 -> 6 -> 8 -> 13 -> 9 -> 12 -> 14 -> 10 -> 11 -> 0
Cost of final path: 1010.9677192610135

Results from Stochastic Local Search:

Time taken: 5.452820777893066 seconds
Final path: 1 -> 2 -> 5 -> 0 -> 11 -> 10 -> 14 -> 12 -> 9 -> 13 -> 8 -> 6 -> 4 -> 7 -> 3 -> 1
Cost of final path: 1010.967719261013