15
0.0000 10823.3941 9033.2269 9355.9247 9415.8177 6927.3604 9975.8843 10553.2447 11484.6733 10430.8677 8332.9242 6912.0703 9773.7113 11233.1232 11068.4721
10823.3941 0.0000 12043.0762 8217.3559 7771.2635 10442.4096 5864.3432 15369.0867 13104.0505 12132.6196 12498.7252 12512.8903 10211.6611 11239.0927 9716.8223
9033.2269 12043.0762 0.0000 8697.1314 4713.6286 5947.0179 10508.3884 12841.3635 8482.0553 5851.1872 10768.1593 10930.3702 9592.6100 8491.2550 10445.1308
9355.9247 8217.3559 8697.1314 0.0000 13469.1430 11571.5664 12017.3880 12151.9546 13777.1491 10340.1328 9288.7549 13543.6969 11588.6242 10340.9866 7894.3809
9415.8177 7771.2635 4713.6286 13469.1430 0.0000 13472.9680 8592.6545 7592.3094 6857.2627 11326.2228 10435.1510 11475.1737 10489.5707 6875.0742 12808.5194
6927.3604 10442.4096 5947.0179 11571.5664 13472.9680 0.0000 10629.6225 9154.8154 8415.0468 9617.5820 8211.9538 11065.5769 10827.6008 13528.7196 12203.7253
9975.8843 5864.3432 10508.3884 12017.3880 8592.6545 10629.6225 0.0000 9537.8232 6430.6911 9583.9781 14415.4849 7216.7923 11573.5514 12120.7214 11699.8896
10553.2447 15369.0867 12841.3635 12151.9546 7592.3094 9154.8154 9537.8232 0.0000 12164.1747 8092.8688 10204.2745 11822.8184 6630.2774 8847.6842 5567.7797
11484.6733 13104.0505 8482.0553 13777.1491 6857.2627 8415.0468 6430.6911 12164.1747 0.0000 11385.1760 12129.2556 4623.0333 9125.5976 9733.1001 11435.8001
10430.8677 12132.6196 5851.1872 10340.1328 11326.2228 9617.5820 9583.9781 8092.8688 11385.1760 0.0000 10676.4133 12024.9239 10197.2844 16951.8363 12783.5801
8332.9242 12498.7252 10768.1593 9288.7549 10435.1510 8211.9538 14415.4849 10204.2745 12129.2556 10676.4133 0.0000 9345.9343 11520.1283 11192.0040 10556.6869
6912.0703 12512.8903 10930.3702 13543.6969 11475.1737 11065.5769 7216.7923 11822.8184 4623.0333 12024.9239 9345.9343 0.0000 8302.0794 12382.2918 13219.5106
9773.7113 10211.6611 9592.6100 11588.6242 10489.5707 10827.6008 11573.5514 6630.2774 9125.5976 10197.2844 11520.1283 8302.0794 0.0000 10787.9941 12371.5997
11233.1232 11239.0927 8491.2550 10340.9866 6875.0742 13528.7196 12120.7214 8847.6842 9733.1001 16951.8363 11192.0040 12382.2918 10787.9941 0.0000 8091.1954
11068.4721 9716.8223 10445.1308 7894.3809 12808.5194 12203.7253 11699.8896 5567.7797 11435.8001 12783.5801 10556.6869 13219.5106 12371.5997 8091.1954 0.0000


Results from Branch and Bound:

Time taken: 2.7846450805664062 seconds
Lower bound from Heuristic function: 96813.17885256096
Total number of nodes explored: 11927

Final path: 0 -> 5 -> 9 -> 2 -> 4 -> 13 -> 14 -> 7 -> 12 -> 11 -> 8 -> 6 -> 1 -> 3 -> 10 -> 0
Cost of final path: 105333.26691745479

Results from Stochastic Local Search:

Time taken: 5.325839996337891 seconds
Final path: 9 -> 2 -> 4 -> 13 -> 14 -> 7 -> 12 -> 11 -> 8 -> 6 -> 1 -> 3 -> 10 -> 0 -> 5 -> 9
Cost of final path: 105333.26691745478