15
0.0000 1118.0544 1006.5252 1056.8859 816.5373 1409.3717 636.5015 1445.1533 805.4245 706.3039 1062.5880 999.1956 723.4959 1114.7987 702.0695
1118.0544 0.0000 900.6861 1450.1433 840.9472 1140.9955 930.0571 1394.0413 1275.6032 1107.7533 866.7948 1003.6132 752.7047 910.2242 944.9136
1006.5252 900.6861 0.0000 896.0915 748.9700 958.6009 700.7160 1257.8960 833.4464 1147.4858 1061.0773 851.4866 1059.8466 1064.2509 1101.3698
1056.8859 1450.1433 896.0915 0.0000 1023.9943 1108.1497 928.0763 854.3297 1018.7037 999.5453 1046.3495 993.4198 1055.1249 1027.2269 390.5213
816.5373 840.9472 748.9700 1023.9943 0.0000 967.4552 954.2315 1036.3737 679.2250 365.3953 554.9803 897.3529 820.2490 855.7777 953.0210
1409.3717 1140.9955 958.6009 1108.1497 967.4552 0.0000 1076.3604 748.1072 1246.5656 770.9428 1073.1848 1201.0761 999.9960 955.1488 1491.1934
636.5015 930.0571 700.7160 928.0763 954.2315 1076.3604 0.0000 1034.8851 763.5290 1282.8562 931.5923 1140.9935 884.3464 1341.5627 779.0292
1445.1533 1394.0413 1257.8960 854.3297 1036.3737 748.1072 1034.8851 0.0000 1233.0921 930.5105 1035.0711 1534.2958 880.6357 1368.0324 934.8741
805.4245 1275.6032 833.4464 1018.7037 679.2250 1246.5656 763.5290 1233.0921 0.0000 1325.6311 878.7646 1428.8744 550.4913 1158.9804 1184.5776
706.3039 1107.7533 1147.4858 999.5453 365.3953 770.9428 1282.8562 930.5105 1325.6311 0.0000 776.6736 933.3831 1354.7095 883.0103 860.4335
1062.5880 866.7948 1061.0773 1046.3495 554.9803 1073.1848 931.5923 1035.0711 878.7646 776.6736 0.0000 1006.1789 508.9450 1335.6325 1135.4435
999.1956 1003.6132 851.4866 993.4198 897.3529 1201.0761 1140.9935 1534.2958 1428.8744 933.3831 1006.1789 0.0000 1285.5050 915.1857 1216.6893
723.4959 752.7047 1059.8466 1055.1249 820.2490 999.9960 884.3464 880.6357 550.4913 1354.7095 508.9450 1285.5050 0.0000 960.5442 744.2928
1114.7987 910.2242 1064.2509 1027.2269 855.7777 955.1488 1341.5627 1368.0324 1158.9804 883.0103 1335.6325 915.1857 960.5442 0.0000 1137.2541
702.0695 944.9136 1101.3698 390.5213 953.0210 1491.1934 779.0292 934.8741 1184.5776 860.4335 1135.4435 1216.6893 744.2928 1137.2541 0.0000


Results from Branch and Bound:

Time taken: 7.874705076217651 seconds
Lower bound from Heuristic function: 9229.216806535596
Total number of nodes explored: 32341

Final path: 0 -> 6 -> 2 -> 11 -> 13 -> 1 -> 10 -> 12 -> 8 -> 4 -> 9 -> 5 -> 7 -> 3 -> 14 -> 0
Cost of final path: 10450.936050694252

Results from Stochastic Local Search:

Time taken: 5.557605981826782 seconds
Final path: 3 -> 7 -> 5 -> 9 -> 4 -> 8 -> 12 -> 10 -> 1 -> 13 -> 11 -> 2 -> 6 -> 0 -> 14 -> 3
Cost of final path: 10450.936050694252