15
0.0000 233.6032 400.4289 595.8013 773.8921 464.1590 654.6784 383.1347 529.7619 524.9349 404.2730 551.9917 640.4542 498.0910 741.0762
233.6032 0.0000 520.5345 273.5504 145.6549 354.8864 381.1492 627.7042 418.6080 559.2374 646.6501 576.4836 552.6463 559.4871 328.4398
400.4289 520.5345 0.0000 555.2100 447.8489 275.4577 440.8342 489.3697 200.5394 694.1808 505.2279 591.2546 400.6032 459.3628 485.0697
595.8013 273.5504 555.2100 0.0000 791.2678 285.6863 451.8832 500.6256 589.7699 967.0176 597.9258 631.5974 958.2316 429.2959 539.9533
773.8921 145.6549 447.8489 791.2678 0.0000 636.8240 303.2879 648.5473 539.1877 550.5794 446.0966 452.5799 401.2022 580.1747 510.1522
464.1590 354.8864 275.4577 285.6863 636.8240 0.0000 648.7102 583.2022 661.7464 384.2376 365.0048 391.2122 453.3809 498.5546 307.2583
654.6784 381.1492 440.8342 451.8832 303.2879 648.7102 0.0000 464.8772 559.9741 291.5005 486.6528 443.9058 655.1979 441.3450 495.2737
383.1347 627.7042 489.3697 500.6256 648.5473 583.2022 464.8772 0.0000 468.1914 567.2630 865.8313 448.7627 487.3757 476.4023 121.6714
529.7619 418.6080 200.5394 589.7699 539.1877 661.7464 559.9741 468.1914 0.0000 539.0362 418.0454 382.9767 482.5884 436.6026 136.8289
524.9349 559.2374 694.1808 967.0176 550.5794 384.2376 291.5005 567.2630 539.0362 0.0000 530.5200 560.5788 636.3990 640.9917 490.5486
404.2730 646.6501 505.2279 597.9258 446.0966 365.0048 486.6528 865.8313 418.0454 530.5200 0.0000 610.9887 516.5691 724.7145 665.7432
551.9917 576.4836 591.2546 631.5974 452.5799 391.2122 443.9058 448.7627 382.9767 560.5788 610.9887 0.0000 403.0043 561.5016 499.6427
640.4542 552.6463 400.6032 958.2316 401.2022 453.3809 655.1979 487.3757 482.5884 636.3990 516.5691 403.0043 0.0000 328.7980 249.9122
498.0910 559.4871 459.3628 429.2959 580.1747 498.5546 441.3450 476.4023 436.6026 640.9917 724.7145 561.5016 328.7980 0.0000 550.4616
741.0762 328.4398 485.0697 539.9533 510.1522 307.2583 495.2737 121.6714 136.8289 490.5486 665.7432 499.6427 249.9122 550.4616 0.0000


Results from Branch and Bound:

Time taken: 5.224323511123657 seconds
Lower bound from Heuristic function: 3898.0090360030067
Total number of nodes explored: 22501

Final path: 0 -> 7 -> 14 -> 8 -> 2 -> 5 -> 11 -> 12 -> 13 -> 3 -> 1 -> 4 -> 6 -> 9 -> 10 -> 0
Cost of final path: 4618.72923389547

Results from Stochastic Local Search:

Time taken: 5.466254472732544 seconds
Final path: 6 -> 9 -> 10 -> 0 -> 7 -> 14 -> 8 -> 2 -> 5 -> 11 -> 12 -> 13 -> 3 -> 1 -> 4 -> 6
Cost of final path: 4618.7292338954685