15
0.0000 5990.2500 5712.8390 5859.8654 3725.7225 2791.7629 3513.3681 7067.7157 6433.0847 5287.4594 7215.3423 4441.8723 5787.5191 7520.2413 8042.1543
5990.2500 0.0000 7224.8535 4553.8290 5955.4488 4975.0247 3802.0366 5416.1317 7406.7315 3491.4890 5083.1955 4054.8029 3137.5733 4371.5124 3460.1556
5712.8390 7224.8535 0.0000 4512.4760 5245.3627 6082.0606 5165.3170 8472.7565 5527.1349 4720.2155 7618.8299 5440.7824 5005.4309 2032.0454 5770.1100
5859.8654 4553.8290 4512.4760 0.0000 5860.6549 4348.7023 4897.7412 5185.0530 6654.3056 5049.2281 5692.2321 5644.4754 6706.7014 4924.0852 5536.7195
3725.7225 5955.4488 5245.3627 5860.6549 0.0000 4766.4715 5752.5725 5096.0536 7363.8200 3840.1209 5672.5439 7112.6035 4403.3818 3395.4319 6561.5311
2791.7629 4975.0247 6082.0606 4348.7023 4766.4715 0.0000 4230.5641 7500.8628 5727.5040 5340.2039 6719.2434 4577.6716 6631.8525 6671.8523 6568.6566
3513.3681 3802.0366 5165.3170 4897.7412 5752.5725 4230.5641 0.0000 4171.8808 5921.7490 3730.9401 387.1063 6355.3555 6225.1196 4087.6440 4192.7051
7067.7157 5416.1317 8472.7565 5185.0530 5096.0536 7500.8628 4171.8808 0.0000 5531.1630 4478.9584 6754.1128 4056.7188 5449.9187 3932.8036 5868.2762
6433.0847 7406.7315 5527.1349 6654.3056 7363.8200 5727.5040 5921.7490 5531.1630 0.0000 3621.1571 3675.7656 5243.7197 1608.7088 5868.2041 8730.7088
5287.4594 3491.4890 4720.2155 5049.2281 3840.1209 5340.2039 3730.9401 4478.9584 3621.1571 0.0000 4353.4541 8248.1241 3965.2561 4943.6445 5393.7517
7215.3423 5083.1955 7618.8299 5692.2321 5672.5439 6719.2434 387.1063 6754.1128 3675.7656 4353.4541 0.0000 3759.8803 6080.4692 6039.1755 4693.5171
4441.8723 4054.8029 5440.7824 5644.4754 7112.6035 4577.6716 6355.3555 4056.7188 5243.7197 8248.1241 3759.8803 0.0000 4930.4997 7716.2615 6173.3284
5787.5191 3137.5733 5005.4309 6706.7014 4403.3818 6631.8525 6225.1196 5449.9187 1608.7088 3965.2561 6080.4692 4930.4997 0.0000 4911.4715 3082.2126
7520.2413 4371.5124 2032.0454 4924.0852 3395.4319 6671.8523 4087.6440 3932.8036 5868.2041 4943.6445 6039.1755 7716.2615 4911.4715 0.0000 5459.4674
8042.1543 3460.1556 5770.1100 5536.7195 6561.5311 6568.6566 4192.7051 5868.2762 8730.7088 5393.7517 4693.5171 6173.3284 3082.2126 5459.4674 0.0000


Results from Branch and Bound:

Time taken: 17.785911321640015 seconds
Lower bound from Heuristic function: 41485.472530268475
Total number of nodes explored: 77339

Final path: 0 -> 4 -> 9 -> 8 -> 12 -> 14 -> 1 -> 6 -> 10 -> 11 -> 7 -> 13 -> 2 -> 3 -> 5 -> 0
Cost of final path: 48961.609639398215

Results from Stochastic Local Search:

Time taken: 5.682993173599243 seconds
Final path: 13 -> 2 -> 3 -> 5 -> 0 -> 4 -> 9 -> 8 -> 12 -> 14 -> 1 -> 6 -> 10 -> 11 -> 7 -> 13
Cost of final path: 48961.60963939821