15
0.0000 745.3270 525.1206 147.2444 283.6309 683.9466 598.2149 163.4618 561.8340 643.3837 622.1520 377.1238 541.6828 449.1421 589.9757
745.3270 0.0000 535.6925 433.9519 553.5117 662.9095 188.0741 451.6878 580.1778 439.2434 659.3206 395.8442 621.7865 648.9457 311.4478
525.1206 535.6925 0.0000 527.4672 633.8526 409.3797 628.9596 451.3543 350.9063 610.0188 463.4979 140.8798 444.7086 315.1087 814.2630
147.2444 433.9519 527.4672 0.0000 649.4823 817.5083 497.8728 577.8538 482.9337 551.2971 192.6559 604.8558 623.4438 564.1101 497.0265
283.6309 553.5117 633.8526 649.4823 0.0000 527.6608 379.3694 496.0294 504.0091 863.0550 683.4544 561.2686 291.8183 349.0862 507.7152
683.9466 662.9095 409.3797 817.5083 527.6608 0.0000 455.0893 504.0168 707.5547 821.6227 537.2787 269.8479 613.0912 524.4699 731.1108
598.2149 188.0741 628.9596 497.8728 379.3694 455.0893 0.0000 368.7806 283.1367 593.6434 292.6754 398.2990 728.6229 485.6116 439.1055
163.4618 451.6878 451.3543 577.8538 496.0294 504.0168 368.7806 0.0000 569.9340 328.8494 436.8870 752.9507 730.7159 376.4276 115.5717
561.8340 580.1778 350.9063 482.9337 504.0091 707.5547 283.1367 569.9340 0.0000 624.1739 731.5907 598.3280 662.7808 505.2135 448.7728
643.3837 439.2434 610.0188 551.2971 863.0550 821.6227 593.6434 328.8494 624.1739 0.0000 362.9171 773.0109 462.3341 684.0530 553.8824
622.1520 659.3206 463.4979 192.6559 683.4544 537.2787 292.6754 436.8870 731.5907 362.9171 0.0000 399.2832 323.6199 551.2672 492.0216
377.1238 395.8442 140.8798 604.8558 561.2686 269.8479 398.2990 752.9507 598.3280 773.0109 399.2832 0.0000 620.7662 191.0335 295.9274
541.6828 621.7865 444.7086 623.4438 291.8183 613.0912 728.6229 730.7159 662.7808 462.3341 323.6199 620.7662 0.0000 706.6868 561.7454
449.1421 648.9457 315.1087 564.1101 349.0862 524.4699 485.6116 376.4276 505.2135 684.0530 551.2672 191.0335 706.6868 0.0000 404.9862
589.9757 311.4478 814.2630 497.0265 507.7152 731.1108 439.1055 115.5717 448.7728 553.8824 492.0216 295.9274 561.7454 404.9862 0.0000


Results from Stochastic Local Search:

Time taken: 18.152217864990234 seconds
Final path: 9 -> 10 -> 3 -> 0 -> 7 -> 14 -> 1 -> 6 -> 8 -> 2 -> 5 -> 11 -> 13 -> 4 -> 12 -> 9
Cost of final path: 4088.9155537759716

Results from Branch and Bound:

Time taken: 40.92867994308472 seconds
Lower bound from Heuristic function: 3508.947114655052
Total number of nodes explored: 16281

Final path: 0 -> 3 -> 10 -> 9 -> 12 -> 4 -> 13 -> 11 -> 5 -> 2 -> 8 -> 6 -> 1 -> 14 -> 7 -> 0
Cost of final path: 4088.915553775972