15
0.0000 42.0564 44.4041 34.0664 45.1690 60.7369 69.7436 43.1801 51.0152 51.5021 52.5612 31.0821 26.3719 57.0068 44.6603
42.0564 0.0000 49.2742 68.8250 60.7650 55.4177 48.3255 57.1389 58.6418 52.9158 42.1811 26.0391 66.4539 51.5810 63.3073
44.4041 49.2742 0.0000 63.5002 47.2225 25.6592 42.9605 56.9450 47.9338 65.1843 37.4973 56.9770 50.5906 43.6133 51.3349
34.0664 68.8250 63.5002 0.0000 22.9052 33.3089 49.3904 69.4043 51.8182 61.2748 28.5836 50.9443 65.4329 76.2700 36.8760
45.1690 60.7650 47.2225 22.9052 0.0000 33.2575 54.5847 59.3200 58.9892 39.2964 71.0499 57.3134 42.2765 41.0726 51.7528
60.7369 55.4177 25.6592 33.3089 33.2575 0.0000 59.6269 61.0906 59.4556 30.4529 62.5364 47.8269 37.6347 36.2063 64.1187
69.7436 48.3255 42.9605 49.3904 54.5847 59.6269 0.0000 36.9594 47.4317 70.7764 39.4189 34.6004 31.7266 45.7297 80.3227
43.1801 57.1389 56.9450 69.4043 59.3200 61.0906 36.9594 0.0000 40.5384 56.4951 65.2072 40.4532 58.6556 68.3210 35.9133
51.0152 58.6418 47.9338 51.8182 58.9892 59.4556 47.4317 40.5384 0.0000 68.0693 45.8221 42.4234 60.4693 46.0669 58.2421
51.5021 52.9158 65.1843 61.2748 39.2964 30.4529 70.7764 56.4951 68.0693 0.0000 25.7529 75.3027 51.4219 58.5730 28.9045
52.5612 42.1811 37.4973 28.5836 71.0499 62.5364 39.4189 65.2072 45.8221 25.7529 0.0000 30.8523 39.4767 92.7744 57.0700
31.0821 26.0391 56.9770 50.9443 57.3134 47.8269 34.6004 40.4532 42.4234 75.3027 30.8523 0.0000 44.3061 42.5854 71.0730
26.3719 66.4539 50.5906 65.4329 42.2765 37.6347 31.7266 58.6556 60.4693 51.4219 39.4767 44.3061 0.0000 63.2290 45.4173
57.0068 51.5810 43.6133 76.2700 41.0726 36.2063 45.7297 68.3210 46.0669 58.5730 92.7744 42.5854 63.2290 0.0000 68.3634
44.6603 63.3073 51.3349 36.8760 51.7528 64.1187 80.3227 35.9133 58.2421 28.9045 57.0700 71.0730 45.4173 68.3634 0.0000


Results from Branch and Bound:

Time taken: 2.4169116020202637 seconds
Lower bound from Heuristic function: 437.9457398756152
Total number of nodes explored: 9943

Final path: 0 -> 1 -> 11 -> 8 -> 13 -> 2 -> 5 -> 4 -> 3 -> 10 -> 9 -> 14 -> 7 -> 6 -> 12 -> 0
Cost of final path: 496.2333648202479

Results from Stochastic Local Search:

Time taken: 5.290224552154541 seconds
Final path: 1 -> 0 -> 12 -> 6 -> 7 -> 14 -> 9 -> 10 -> 3 -> 4 -> 5 -> 2 -> 13 -> 8 -> 11 -> 1
Cost of final path: 496.2333648202478