17
0.0000 59.1047 64.8547 67.1112 49.1828 65.1500 70.8290 15.1817 51.1192 60.4195 78.0945 30.7685 58.0631 35.5379 58.4146 38.0421 59.2638
59.1047 0.0000 62.0983 48.4809 25.5110 28.5335 80.3278 28.9426 42.7047 40.7725 53.1624 42.2709 48.4955 39.0445 51.6744 42.2790 43.3542
64.8547 62.0983 0.0000 39.9478 49.9348 73.1255 60.2507 50.3776 39.7575 57.3027 50.6609 52.1149 36.1694 58.1742 39.4093 57.6428 69.2829
67.1112 48.4809 39.9478 0.0000 34.5599 42.0373 39.4305 58.2542 63.8476 49.1363 45.6015 39.8767 67.8497 49.2454 44.0788 30.2349 92.4167
49.1828 25.5110 49.9348 34.5599 0.0000 37.8687 56.3226 56.3244 33.6742 36.6539 69.5335 53.7859 42.3280 50.4577 75.4044 55.4552 72.5596
65.1500 28.5335 73.1255 42.0373 37.8687 0.0000 45.8971 36.1763 72.8362 56.9184 46.2346 80.7107 80.2574 63.8427 76.5922 60.7688 30.6146
70.8290 80.3278 60.2507 39.4305 56.3226 45.8971 0.0000 63.5528 52.8708 46.3561 28.2765 30.8641 51.4120 51.9278 48.1498 40.4633 48.6086
15.1817 28.9426 50.3776 58.2542 56.3244 36.1763 63.5528 0.0000 58.7690 81.1443 68.6674 28.7867 35.8167 66.7034 33.1096 52.2011 75.2617
51.1192 42.7047 39.7575 63.8476 33.6742 72.8362 52.8708 58.7690 0.0000 46.2304 53.8873 14.3022 41.5782 49.5601 44.9594 29.5275 29.0138
60.4195 40.7725 57.3027 49.1363 36.6539 56.9184 46.3561 81.1443 46.2304 0.0000 59.8819 79.9655 19.8112 39.6981 70.0007 39.2064 23.9888
78.0945 53.1624 50.6609 45.6015 69.5335 46.2346 28.2765 68.6674 53.8873 59.8819 0.0000 66.5438 41.3783 58.9146 63.8392 44.6969 38.7628
30.7685 42.2709 52.1149 39.8767 53.7859 80.7107 30.8641 28.7867 14.3022 79.9655 66.5438 0.0000 35.3699 52.8920 54.8648 59.0864 78.5038
58.0631 48.4955 36.1694 67.8497 42.3280 80.2574 51.4120 35.8167 41.5782 19.8112 41.3783 35.3699 0.0000 23.5822 29.0504 69.5105 63.7133
35.5379 39.0445 58.1742 49.2454 50.4577 63.8427 51.9278 66.7034 49.5601 39.6981 58.9146 52.8920 23.5822 0.0000 44.2545 52.0105 47.7237
58.4146 51.6744 39.4093 44.0788 75.4044 76.5922 48.1498 33.1096 44.9594 70.0007 63.8392 54.8648 29.0504 44.2545 0.0000 24.6876 66.3421
38.0421 42.2790 57.6428 30.2349 55.4552 60.7688 40.4633 52.2011 29.5275 39.2064 44.6969 59.0864 69.5105 52.0105 24.6876 0.0000 40.5596
59.2638 43.3542 69.2829 92.4167 72.5596 30.6146 48.6086 75.2617 29.0138 23.9888 38.7628 78.5038 63.7133 47.7237 66.3421 40.5596 0.0000


Results from Branch and Bound:

Time taken: 25.071075677871704 seconds
Lower bound from Heuristic function: 420.4150685627338
Total number of nodes explored: 73578

Final path: 0 -> 13 -> 12 -> 9 -> 16 -> 5 -> 1 -> 4 -> 8 -> 11 -> 6 -> 10 -> 2 -> 3 -> 15 -> 14 -> 7 -> 0
Cost of final path: 488.51867860267134

Results from Stochastic Local Search:

Time taken: 10.397314548492432 seconds
Final path: 5 -> 16 -> 9 -> 12 -> 13 -> 0 -> 7 -> 14 -> 15 -> 3 -> 2 -> 10 -> 6 -> 11 -> 8 -> 4 -> 1 -> 5
Cost of final path: 488.5186786026712