18
0.0000 84.0131 40.6888 65.4857 38.9777 35.1317 72.2928 72.0018 42.1452 66.5723 30.6041 26.1236 34.3297 61.5935 28.2886 53.6815 64.6387 55.0655
84.0131 0.0000 36.5157 46.3581 36.9002 45.0999 9.6801 41.6647 55.6515 43.7322 59.1073 62.5113 60.6337 71.7319 48.8707 57.5117 19.5103 63.4279
40.6888 36.5157 0.0000 84.7420 59.2118 36.7622 28.1164 35.2228 36.9627 51.7071 43.1730 42.6553 54.1891 18.5248 36.9322 41.9589 19.2681 38.4558
65.4857 46.3581 84.7420 0.0000 54.9439 38.4704 50.4303 64.2188 20.0531 52.3230 44.0653 35.6781 44.9910 40.0324 51.6468 78.3880 39.8703 49.2129
38.9777 36.9002 59.2118 54.9439 0.0000 48.4377 51.7464 57.3923 89.8464 30.9811 61.9690 48.9527 70.6414 46.7960 71.5080 47.8869 46.7329 32.6358
35.1317 45.0999 36.7622 38.4704 48.4377 0.0000 69.3878 46.0383 73.5775 34.1511 35.3835 28.5235 29.6830 43.6570 54.8553 55.1503 37.0224 73.2077
72.2928 9.6801 28.1164 50.4303 51.7464 69.3878 0.0000 33.3917 32.2291 78.8707 60.2521 58.3542 62.2877 44.4102 59.8122 58.3836 44.0344 53.7599
72.0018 41.6647 35.2228 64.2188 57.3923 46.0383 33.3917 0.0000 57.3409 31.1388 82.8712 40.0729 31.6162 56.3896 22.1162 25.4306 53.2700 58.6856
42.1452 55.6515 36.9627 20.0531 89.8464 73.5775 32.2291 57.3409 0.0000 39.9952 31.8131 55.9198 41.8298 43.2848 59.4921 39.2151 45.0281 51.1072
66.5723 43.7322 51.7071 52.3230 30.9811 34.1511 78.8707 31.1388 39.9952 0.0000 50.9348 27.0987 47.6893 47.7083 52.6796 58.6247 58.6862 40.3903
30.6041 59.1073 43.1730 44.0653 61.9690 35.3835 60.2521 82.8712 31.8131 50.9348 0.0000 18.4478 69.1785 56.5885 51.4087 31.3717 42.2569 60.5563
26.1236 62.5113 42.6553 35.6781 48.9527 28.5235 58.3542 40.0729 55.9198 27.0987 18.4478 0.0000 40.2770 55.3493 67.0975 69.1027 33.3891 89.4475
34.3297 60.6337 54.1891 44.9910 70.6414 29.6830 62.2877 31.6162 41.8298 47.6893 69.1785 40.2770 0.0000 49.5191 44.6273 23.1475 38.6459 40.8969
61.5935 71.7319 18.5248 40.0324 46.7960 43.6570 44.4102 56.3896 43.2848 47.7083 56.5885 55.3493 49.5191 0.0000 42.5297 34.5193 66.0180 41.7149
28.2886 48.8707 36.9322 51.6468 71.5080 54.8553 59.8122 22.1162 59.4921 52.6796 51.4087 67.0975 44.6273 42.5297 0.0000 60.3015 45.9630 58.8281
53.6815 57.5117 41.9589 78.3880 47.8869 55.1503 58.3836 25.4306 39.2151 58.6247 31.3717 69.1027 23.1475 34.5193 60.3015 0.0000 53.7682 67.3666
64.6387 19.5103 19.2681 39.8703 46.7329 37.0224 44.0344 53.2700 45.0281 58.6862 42.2569 33.3891 38.6459 66.0180 45.9630 53.7682 0.0000 53.9351
55.0655 63.4279 38.4558 49.2129 32.6358 73.2077 53.7599 58.6856 51.1072 40.3903 60.5563 89.4475 40.8969 41.7149 58.8281 67.3666 53.9351 0.0000


Results from Branch and Bound:

Time taken: 78.9474868774414 seconds
Lower bound from Heuristic function: 403.6755594687039
Total number of nodes explored: 216679

Final path: 0 -> 10 -> 11 -> 9 -> 4 -> 17 -> 13 -> 2 -> 16 -> 1 -> 6 -> 8 -> 3 -> 5 -> 12 -> 15 -> 7 -> 14 -> 0
Cost of final path: 467.8839760165413

Results from Stochastic Local Search:

Time taken: 14.823852777481079 seconds
Final path: 14 -> 0 -> 10 -> 11 -> 9 -> 4 -> 17 -> 13 -> 2 -> 16 -> 1 -> 6 -> 8 -> 3 -> 5 -> 12 -> 15 -> 7 -> 14
Cost of final path: 467.8839760165412