19
0.0000 52.3615 64.6163 41.0734 36.6766 30.5221 54.5426 55.0965 19.3921 43.5779 7.8225 63.9643 42.4165 53.6115 56.3211 68.1992 50.3025 72.1030 41.0978
52.3615 0.0000 57.4674 48.1490 59.2601 29.7019 39.7628 58.6244 79.8488 37.7617 55.2893 59.1256 56.0019 75.8185 65.2087 54.4995 45.7474 48.1245 64.8267
64.6163 57.4674 0.0000 53.1683 27.4683 31.6564 28.4323 12.9798 52.2287 53.3360 49.9021 28.4101 35.9202 52.7266 49.4943 39.8010 16.7944 49.5467 49.3338
41.0734 48.1490 53.1683 0.0000 55.6709 34.3172 59.4658 58.3633 43.2108 54.6057 73.5356 26.2622 52.6533 44.7042 37.6119 52.8967 39.4594 40.1125 29.6218
36.6766 59.2601 27.4683 55.6709 0.0000 67.6993 61.2060 67.4848 65.8097 38.8828 76.4632 76.3152 37.4435 44.4136 49.0580 55.5278 55.6001 38.1055 31.9818
30.5221 29.7019 31.6564 34.3172 67.6993 0.0000 56.2722 22.0027 54.7917 44.6410 71.5627 52.4309 33.3895 51.2400 60.6758 46.8515 34.9156 25.7881 41.4652
54.5426 39.7628 28.4323 59.4658 61.2060 56.2722 0.0000 42.6893 42.8389 41.1289 73.9500 28.1163 57.5205 33.9840 49.9208 34.3212 41.2238 57.7983 32.1507
55.0965 58.6244 12.9798 58.3633 67.4848 22.0027 42.6893 0.0000 36.4184 31.4512 71.3500 55.9769 66.0141 48.5771 50.6120 70.4530 49.6978 66.6492 57.2557
19.3921 79.8488 52.2287 43.2108 65.8097 54.7917 42.8389 36.4184 0.0000 49.2986 69.7135 56.6550 35.2638 56.3443 54.2744 42.4256 49.5623 63.3121 30.6807
43.5779 37.7617 53.3360 54.6057 38.8828 44.6410 41.1289 31.4512 49.2986 0.0000 13.9178 46.4056 46.3870 63.5853 1.7429 80.2885 49.3339 42.0408 35.4245
7.8225 55.2893 49.9021 73.5356 76.4632 71.5627 73.9500 71.3500 69.7135 13.9178 0.0000 46.8173 40.3550 57.3885 42.9248 44.4048 50.8264 47.8400 22.0207
63.9643 59.1256 28.4101 26.2622 76.3152 52.4309 28.1163 55.9769 56.6550 46.4056 46.8173 0.0000 45.5470 59.7279 65.8949 37.0889 73.7325 51.3180 23.9976
42.4165 56.0019 35.9202 52.6533 37.4435 33.3895 57.5205 66.0141 35.2638 46.3870 40.3550 45.5470 0.0000 60.9276 62.8583 27.7019 72.6148 51.1971 48.4191
53.6115 75.8185 52.7266 44.7042 44.4136 51.2400 33.9840 48.5771 56.3443 63.5853 57.3885 59.7279 60.9276 0.0000 55.2060 47.2518 52.4412 50.1693 66.7751
56.3211 65.2087 49.4943 37.6119 49.0580 60.6758 49.9208 50.6120 54.2744 1.7429 42.9248 65.8949 62.8583 55.2060 0.0000 27.6286 48.0058 32.3434 28.2408
68.1992 54.4995 39.8010 52.8967 55.5278 46.8515 34.3212 70.4530 42.4256 80.2885 44.4048 37.0889 27.7019 47.2518 27.6286 0.0000 46.7541 33.2992 53.4850
50.3025 45.7474 16.7944 39.4594 55.6001 34.9156 41.2238 49.6978 49.5623 49.3339 50.8264 73.7325 72.6148 52.4412 48.0058 46.7541 0.0000 29.8743 47.4388
72.1030 48.1245 49.5467 40.1125 38.1055 25.7881 57.7983 66.6492 63.3121 42.0408 47.8400 51.3180 51.1971 50.1693 32.3434 33.2992 29.8743 0.0000 21.9703
41.0978 64.8267 49.3338 29.6218 31.9818 41.4652 32.1507 57.2557 30.6807 35.4245 22.0207 23.9976 48.4191 66.7751 28.2408 53.4850 47.4388 21.9703 0.0000


Results from Branch and Bound:

Time taken: 126.93305993080139 seconds
Lower bound from Heuristic function: 409.10388931636714
Total number of nodes explored: 312484

Final path: 0 -> 8 -> 18 -> 17 -> 16 -> 2 -> 7 -> 5 -> 1 -> 3 -> 11 -> 6 -> 13 -> 4 -> 12 -> 15 -> 14 -> 9 -> 10 -> 0
Cost of final path: 480.57858232980624

Results from Stochastic Local Search:

Time taken: 18.721235036849976 seconds
Final path: 11 -> 6 -> 13 -> 4 -> 12 -> 15 -> 14 -> 9 -> 10 -> 0 -> 8 -> 18 -> 17 -> 16 -> 2 -> 7 -> 5 -> 1 -> 3 -> 11
Cost of final path: 480.57858232980635