20
0.0000 1304.3823 967.3720 848.5768 1287.3030 1297.4102 941.8014 1265.7052 982.4136 960.3169 616.5882 1036.1793 864.9123 762.1938 839.3735 1574.5579 748.8551 943.4258 733.3301 1199.8584
1304.3823 0.0000 1074.8164 1057.3020 1203.1829 1122.7879 648.6252 1165.9802 1155.3147 982.2888 1415.0015 1056.0509 727.0220 1057.7904 1093.3534 1037.9791 1042.7944 710.4340 721.0596 1009.5336
967.3720 1074.8164 0.0000 1290.9665 812.5971 1099.7396 1316.4362 1269.6104 1297.7877 993.0200 1266.2524 587.8662 1022.5419 1262.6865 1375.0273 1048.2360 654.9403 1016.1539 974.8253 1050.0889
848.5768 1057.3020 1290.9665 0.0000 987.9830 1216.4104 823.1690 667.6598 934.4674 705.8538 908.4669 1206.8280 846.3005 1232.2137 796.5806 1059.6920 1090.3228 1249.3478 1239.5753 654.6037
1287.3030 1203.1829 812.5971 987.9830 0.0000 673.5040 1032.7638 1242.4322 1201.0903 960.7549 1178.5615 788.3204 1224.0510 950.7691 1066.5135 1254.6438 1276.5786 857.8712 946.9531 1163.1774
1297.4102 1122.7879 1099.7396 1216.4104 673.5040 0.0000 1337.9516 996.1731 1069.8973 1052.0793 1226.9026 1124.4100 865.9962 984.1891 1057.5324 1441.6239 1342.0164 1093.6559 1031.4766 1402.9470
941.8014 648.6252 1316.4362 823.1690 1032.7638 1337.9516 0.0000 728.2078 1048.5857 990.9205 676.4234 331.8754 1036.4514 1344.3940 1285.0923 889.9438 1040.4362 1003.5426 1410.8311 807.5927
1265.7052 1165.9802 1269.6104 667.6598 1242.4322 996.1731 728.2078 0.0000 1065.3510 1015.6557 1107.5496 791.2074 556.8917 1376.4107 1290.8705 1374.5467 1208.2929 1133.0018 1046.4711 928.8674
982.4136 1155.3147 1297.7877 934.4674 1201.0903 1069.8973 1048.5857 1065.3510 0.0000 1226.8755 834.0973 1164.9071 790.1974 703.2304 940.9999 295.3607 1354.1154 929.3811 1174.2479 812.3307
960.3169 982.2888 993.0200 705.8538 960.7549 1052.0793 990.9205 1015.6557 1226.8755 0.0000 1151.8318 703.2722 1342.8748 1235.4768 669.9430 1473.3344 972.5570 1079.4489 1238.7025 1230.5171
616.5882 1415.0015 1266.2524 908.4669 1178.5615 1226.9026 676.4234 1107.5496 834.0973 1151.8318 0.0000 716.1225 1112.1632 995.0323 890.0830 1033.5150 1236.5864 1110.5466 872.6722 779.1598
1036.1793 1056.0509 587.8662 1206.8280 788.3204 1124.4100 331.8754 791.2074 1164.9071 703.2722 716.1225 0.0000 892.2687 820.8334 1291.3090 1214.4569 1106.5432 741.8237 641.2260 1245.2665
864.9123 727.0220 1022.5419 846.3005 1224.0510 865.9962 1036.4514 556.8917 790.1974 1342.8748 1112.1632 892.2687 0.0000 1237.3444 936.0200 1460.8647 984.2412 1073.8261 1275.8977 1127.5608
762.1938 1057.7904 1262.6865 1232.2137 950.7691 984.1891 1344.3940 1376.4107 703.2304 1235.4768 995.0323 820.8334 1237.3444 0.0000 1099.3454 878.1685 1491.3768 875.2477 1030.1360 1088.4713
839.3735 1093.3534 1375.0273 796.5806 1066.5135 1057.5324 1285.0923 1290.8705 940.9999 669.9430 890.0830 1291.3090 936.0200 1099.3454 0.0000 1023.0390 1169.4469 634.6287 1246.7970 621.6370
1574.5579 1037.9791 1048.2360 1059.6920 1254.6438 1441.6239 889.9438 1374.5467 295.3607 1473.3344 1033.5150 1214.4569 1460.8647 878.1685 1023.0390 0.0000 911.5286 754.3917 1031.3868 1040.5516
748.8551 1042.7944 654.9403 1090.3228 1276.5786 1342.0164 1040.4362 1208.2929 1354.1154 972.5570 1236.5864 1106.5432 984.2412 1491.3768 1169.4469 911.5286 0.0000 646.5879 1219.4863 1058.7039
943.4258 710.4340 1016.1539 1249.3478 857.8712 1093.6559 1003.5426 1133.0018 929.3811 1079.4489 1110.5466 741.8237 1073.8261 875.2477 634.6287 754.3917 646.5879 0.0000 973.9863 1223.0149
733.3301 721.0596 974.8253 1239.5753 946.9531 1031.4766 1410.8311 1046.4711 1174.2479 1238.7025 872.6722 641.2260 1275.8977 1030.1360 1246.7970 1031.3868 1219.4863 973.9863 0.0000 1126.8457
1199.8584 1009.5336 1050.0889 654.6037 1163.1774 1402.9470 807.5927 928.8674 812.3307 1230.5171 779.1598 1245.2665 1127.5608 1088.4713 621.6370 1040.5516 1058.7039 1223.0149 1126.8457 0.0000


Results from Branch and Bound:

Time taken: 600.004269361496 seconds
Lower bound from Heuristic function: 11773.854602804468
Total number of nodes explored: 1687411

Final path: 0 -> 10 -> 19 -> 14 -> 9 -> 3 -> 7 -> 12 -> 5 -> 4 -> 13 -> 8 -> 15 -> 17 -> 16 -> 2 -> 11 -> 6 -> 1 -> 18 -> 0
Cost of final path: 13185.269766102634

Results from Stochastic Local Search:

Time taken: 26.015371084213257 seconds
Final path: 11 -> 6 -> 1 -> 18 -> 0 -> 10 -> 19 -> 14 -> 9 -> 3 -> 7 -> 12 -> 5 -> 4 -> 13 -> 8 -> 15 -> 17 -> 16 -> 2 -> 11
Cost of final path: 13185.269766102636