20
0.0000 36.2462 41.6136 37.8510 29.7721 57.6666 66.6424 44.7874 57.3625 46.4684 36.5442 56.3855 50.7409 31.4447 58.3428 54.9341 44.5997 71.3165 43.7904 55.2684
36.2462 0.0000 75.9574 70.0861 10.8112 56.7619 37.1149 30.0464 34.1123 48.1849 50.0864 65.9187 66.3979 69.9545 38.0407 55.6617 50.8843 52.7888 36.3173 21.7008
41.6136 75.9574 0.0000 47.3318 42.6278 61.5491 60.2516 52.1650 38.0585 65.8976 11.0976 41.4178 56.0224 19.2737 80.4608 53.1076 30.4325 64.5552 67.7056 21.6578
37.8510 70.0861 47.3318 0.0000 62.3770 49.5467 37.2447 46.8950 29.3484 44.5548 59.8345 43.4179 49.2003 40.9640 17.0502 73.4639 56.2268 54.6846 42.9297 67.8472
29.7721 10.8112 42.6278 62.3770 0.0000 46.4255 28.6343 55.2125 39.9139 52.7958 47.3801 60.3795 43.1020 62.7099 55.4082 32.6471 50.1556 54.1896 24.6939 73.7688
57.6666 56.7619 61.5491 49.5467 46.4255 0.0000 60.9896 74.5016 35.4787 44.1725 24.7079 62.8167 15.2163 53.4653 30.1039 61.6957 48.8105 50.4753 76.9452 39.3170
66.6424 37.1149 60.2516 37.2447 28.6343 60.9896 0.0000 63.6330 46.7494 75.9667 29.8609 62.2890 48.7256 43.7285 46.8701 61.8803 54.0905 38.0608 89.3268 52.9416
44.7874 30.0464 52.1650 46.8950 55.2125 74.5016 63.6330 0.0000 63.1392 70.9015 54.4310 49.9074 45.4098 56.1270 63.2305 64.5619 25.3600 17.2359 41.0763 37.2833
57.3625 34.1123 38.0585 29.3484 39.9139 35.4787 46.7494 63.1392 0.0000 49.0352 24.0686 18.6604 39.7371 52.3495 52.3022 50.3834 64.2458 43.0827 58.2627 65.0400
46.4684 48.1849 65.8976 44.5548 52.7958 44.1725 75.9667 70.9015 49.0352 0.0000 50.9862 64.8220 63.3738 38.9460 23.4396 44.5790 60.3634 63.0207 52.2964 68.5819
36.5442 50.0864 11.0976 59.8345 47.3801 24.7079 29.8609 54.4310 24.0686 50.9862 0.0000 52.2218 50.4013 46.6181 61.5919 54.6606 41.0022 48.9351 76.7488 55.6832
56.3855 65.9187 41.4178 43.4179 60.3795 62.8167 62.2890 49.9074 18.6604 64.8220 52.2218 0.0000 38.9133 51.3985 36.9446 46.6850 38.6607 44.0317 54.2200 56.7348
50.7409 66.3979 56.0224 49.2003 43.1020 15.2163 48.7256 45.4098 39.7371 63.3738 50.4013 38.9133 0.0000 28.2057 33.5438 70.1549 43.1889 67.5360 63.0113 29.4827
31.4447 69.9545 19.2737 40.9640 62.7099 53.4653 43.7285 56.1270 52.3495 38.9460 46.6181 51.3985 28.2057 0.0000 49.9007 78.9234 48.0728 50.1897 43.5577 56.8486
58.3428 38.0407 80.4608 17.0502 55.4082 30.1039 46.8701 63.2305 52.3022 23.4396 61.5919 36.9446 33.5438 49.9007 0.0000 40.1619 72.7201 66.3013 45.2827 65.6846
54.9341 55.6617 53.1076 73.4639 32.6471 61.6957 61.8803 64.5619 50.3834 44.5790 54.6606 46.6850 70.1549 78.9234 40.1619 0.0000 28.9443 49.1166 74.1818 42.4268
44.5997 50.8843 30.4325 56.2268 50.1556 48.8105 54.0905 25.3600 64.2458 60.3634 41.0022 38.6607 43.1889 48.0728 72.7201 28.9443 0.0000 50.2005 45.2950 60.2804
71.3165 52.7888 64.5552 54.6846 54.1896 50.4753 38.0608 17.2359 43.0827 63.0207 48.9351 44.0317 67.5360 50.1897 66.3013 49.1166 50.2005 0.0000 58.2901 33.5663
43.7904 36.3173 67.7056 42.9297 24.6939 76.9452 89.3268 41.0763 58.2627 52.2964 76.7488 54.2200 63.0113 43.5577 45.2827 74.1818 45.2950 58.2901 0.0000 59.5480
55.2684 21.7008 21.6578 67.8472 73.7688 39.3170 52.9416 37.2833 65.0400 68.5819 55.6832 56.7348 29.4827 56.8486 65.6846 42.4268 60.2804 33.5663 59.5480 0.0000


Results from Branch and Bound:

Time taken: 331.37952637672424 seconds
Lower bound from Heuristic function: 448.002294818725
Total number of nodes explored: 939982

Final path: 0 -> 13 -> 2 -> 10 -> 6 -> 17 -> 7 -> 16 -> 15 -> 11 -> 8 -> 3 -> 14 -> 9 -> 5 -> 12 -> 19 -> 1 -> 4 -> 18 -> 0
Cost of final path: 526.3293617656817

Results from Stochastic Local Search:

Time taken: 25.343334913253784 seconds
Final path: 9 -> 5 -> 12 -> 19 -> 1 -> 4 -> 18 -> 0 -> 13 -> 2 -> 10 -> 6 -> 17 -> 7 -> 16 -> 15 -> 11 -> 8 -> 3 -> 14 -> 9
Cost of final path: 526.3293617656816