20
0.0000 69.6099 42.7110 56.0736 41.6583 25.8095 25.1776 40.2344 55.6391 60.7916 37.7678 66.9612 54.8622 66.2462 27.9545 39.9021 26.7109 83.5548 25.1536 59.2889
69.6099 0.0000 50.1485 61.2892 10.9537 47.7252 42.3082 35.9804 81.4495 84.7154 57.3326 65.3518 60.5408 48.0489 55.0104 57.9116 67.2299 60.9725 43.4171 41.4984
42.7110 50.1485 0.0000 69.1839 56.7893 59.2116 57.9906 48.1848 54.9462 57.0474 61.8807 36.9718 62.5589 40.6914 81.7312 27.3688 47.1014 42.7266 69.9283 49.7305
56.0736 61.2892 69.1839 0.0000 63.5794 36.8863 38.5552 44.1623 49.8754 56.8178 59.3575 69.5918 54.4661 50.2995 78.5206 33.8528 50.5434 85.4926 52.4101 61.1423
41.6583 10.9537 56.7893 63.5794 0.0000 58.0190 17.6605 57.2410 62.8924 30.5530 43.6863 36.2344 61.3479 60.1974 63.0410 52.8928 63.1653 64.2461 73.0814 51.6763
25.8095 47.7252 59.2116 36.8863 58.0190 0.0000 53.5006 47.2115 48.0161 57.5645 56.6215 69.2847 53.3473 68.5900 33.3073 74.9730 73.4502 69.0089 51.7494 35.5823
25.1776 42.3082 57.9906 38.5552 17.6605 53.5006 0.0000 30.2472 58.2837 53.3530 36.2333 52.2033 32.8233 35.7642 63.3354 54.8524 31.5374 44.2688 44.4913 50.0268
40.2344 35.9804 48.1848 44.1623 57.2410 47.2115 30.2472 0.0000 79.5038 36.6980 62.4713 36.9552 59.2271 51.7360 51.1132 62.9615 24.7038 35.5692 38.9113 56.1108
55.6391 81.4495 54.9462 49.8754 62.8924 48.0161 58.2837 79.5038 0.0000 60.3692 55.6938 50.4652 39.7761 42.7387 32.3567 60.4108 31.9848 61.9741 47.3658 8.9039
60.7916 84.7154 57.0474 56.8178 30.5530 57.5645 53.3530 36.6980 60.3692 0.0000 79.3317 38.4452 50.1996 73.4488 54.4371 48.4229 76.0352 62.5016 79.5699 69.8927
37.7678 57.3326 61.8807 59.3575 43.6863 56.6215 36.2333 62.4713 55.6938 79.3317 0.0000 62.7382 30.6489 52.9254 50.3785 35.6488 68.6103 54.7884 49.1853 63.6551
66.9612 65.3518 36.9718 69.5918 36.2344 69.2847 52.2033 36.9552 50.4652 38.4452 62.7382 0.0000 42.9508 51.5951 77.3347 45.9305 53.7545 78.2773 60.9516 21.5441
54.8622 60.5408 62.5589 54.4661 61.3479 53.3473 32.8233 59.2271 39.7761 50.1996 30.6489 42.9508 0.0000 28.6137 36.9403 60.2499 51.4445 39.5236 65.8326 52.3237
66.2462 48.0489 40.6914 50.2995 60.1974 68.5900 35.7642 51.7360 42.7387 73.4488 52.9254 51.5951 28.6137 0.0000 55.4182 10.6182 42.0237 65.1860 43.4441 58.7582
27.9545 55.0104 81.7312 78.5206 63.0410 33.3073 63.3354 51.1132 32.3567 54.4371 50.3785 77.3347 36.9403 55.4182 0.0000 16.1698 40.7526 61.9728 59.7482 39.7982
39.9021 57.9116 27.3688 33.8528 52.8928 74.9730 54.8524 62.9615 60.4108 48.4229 35.6488 45.9305 60.2499 10.6182 16.1698 0.0000 37.0554 43.0910 52.0608 56.0467
26.7109 67.2299 47.1014 50.5434 63.1653 73.4502 31.5374 24.7038 31.9848 76.0352 68.6103 53.7545 51.4445 42.0237 40.7526 37.0554 0.0000 40.0365 58.4724 42.8315
83.5548 60.9725 42.7266 85.4926 64.2461 69.0089 44.2688 35.5692 61.9741 62.5016 54.7884 78.2773 39.5236 65.1860 61.9728 43.0910 40.0365 0.0000 24.7654 53.7014
25.1536 43.4171 69.9283 52.4101 73.0814 51.7494 44.4913 38.9113 47.3658 79.5699 49.1853 60.9516 65.8326 43.4441 59.7482 52.0608 58.4724 24.7654 0.0000 60.3671
59.2889 41.4984 49.7305 61.1423 51.6763 35.5823 50.0268 56.1108 8.9039 69.8927 63.6551 21.5441 52.3237 58.7582 39.7982 56.0467 42.8315 53.7014 60.3671 0.0000


Results from Branch and Bound:

Time taken: 600.0002098083496 seconds
Lower bound from Heuristic function: 469.1717822182677
Total number of nodes explored: 1626564

Final path: 0 -> 5 -> 3 -> 6 -> 10 -> 12 -> 13 -> 15 -> 14 -> 8 -> 19 -> 11 -> 2 -> 17 -> 18 -> 1 -> 4 -> 9 -> 7 -> 16 -> 0
Cost of final path: 563.8399269777146